5
22 22
186 178 178
179 156 156
176 145 144
176 145 144
176 145 144
176 145 144
176 145 144
176 145 144
176 145 144
176 145 144
176 145 144
176 145 144
176 145 144
176 145 144
176 145 144
176 145 144
176 145 144
176 145 144
176 145 144
176 145 144
179 156 156
186 178 178
179 156 156
157 90 88
143 56 53
143 56 53
143 56 53
143 56 53
143 56 53
143 56 53
143 56 53
143 56 53
143 56 53
143 56 53
143 56 53
143 56 53
143 56 53
143 56 53
143 56 53
143 56 53
143 56 53
143 56 53
157 90 88
179 156 156
176 145 144
143 56 53
125 1 4
125 1 4
125 1 4
125 1 4
125 1 4
125 1 4
125 1 4
125 1 4
125 1 4
125 1 4
125 1 4
125 1 4
125 1 4
125 1 4
125 1 4
125 1 4
125 1 4
125 1 4
143 56 53
176 145 144
176 145 144
143 56 53
125 1 4
125 1 4
125 1 4
125 1 4
125 1 4
125 1 4
125 1 4
125 1 4
125 1 4
125 1 4
125 1 4
125 1 4
125 1 4
125 1 4
125 1 4
125 1 4
125 1 4
125 1 4
143 56 53
176 145 144
176 145 144
143 56 53
125 1 4
125 1 4
125 1 4
125 1 4
130 19 17
138 45 41
143 56 53
143 56 53
143 56 53
143 56 53
143 56 53
143 56 53
143 56 53
143 56 53
143 56 53
143 56 53
143 56 53
143 56 53
157 90 88
179 156 156
176 145 144
143 56 53
125 1 4
125 1 4
125 1 4
125 1 4
138 45 41
164 113 110
176 145 144
176 145 144
176 145 144
176 145 144
176 145 144
176 145 144
176 145 144
176 145 144
176 145 144
176 145 144
176 145 144
176 145 144
179 156 156
186 178 178
176 145 144
143 56 53
125 1 4
125 1 4
125 1 4
125 1 4
143 56 53
176 145 144
189 189 189
189 189 189
189 189 189
189 189 189
189 189 189
189 189 189
189 189 189
189 189 189
189 189 189
189 189 189
189 189 189
189 189 189
189 189 189
189 189 189
176 145 144
143 56 53
125 1 4
125 1 4
125 1 4
125 1 4
143 56 53
176 145 144
189 189 189
189 189 189
189 189 189
189 189 189
189 189 189
189 189 189
189 189 189
189 189 189
189 189 189
189 189 189
189 189 189
189 189 189
189 189 189
189 189 189
176 145 144
143 56 53
125 1 4
125 1 4
125 1 4
125 1 4
138 45 41
164 113 110
176 145 144
176 145 144
176 145 144
176 145 144
176 145 144
176 145 144
176 145 144
176 145 144
176 145 144
176 145 144
179 156 156
186 178 178
189 189 189
189 189 189
176 145 144
143 56 53
125 1 4
125 1 4
125 1 4
125 1 4
130 19 17
138 45 41
143 56 53
143 56 53
143 56 53
143 56 53
143 56 53
143 56 53
143 56 53
143 56 53
143 56 53
143 56 53
157 90 88
179 156 156
189 189 189
189 189 189
176 145 144
143 56 53
125 1 4
125 1 4
125 1 4
125 1 4
125 1 4
125 1 4
125 1 4
125 1 4
125 1 4
125 1 4
125 1 4
125 1 4
125 1 4
125 1 4
125 1 4
125 1 4
138 45 41
164 113 110
179 156 156
186 178 178
176 145 144
143 56 53
125 1 4
125 1 4
125 1 4
125 1 4
125 1 4
125 1 4
125 1 4
125 1 4
125 1 4
125 1 4
125 1 4
125 1 4
125 1 4
125 1 4
125 1 4
125 1 4
130 19 17
138 45 41
157 90 88
179 156 156
179 156 156
157 90 88
143 56 53
143 56 53
143 56 53
143 56 53
143 56 53
143 56 53
143 56 53
143 56 53
143 56 53
143 56 53
143 56 53
143 56 53
138 45 41
130 19 17
125 1 4
125 1 4
125 1 4
125 1 4
143 56 53
176 145 144
186 178 178
179 156 156
176 145 144
176 145 144
176 145 144
176 145 144
176 145 144
176 145 144
176 145 144
176 145 144
176 145 144
176 145 144
176 145 144
176 145 144
164 113 110
138 45 41
125 1 4
125 1 4
125 1 4
125 1 4
143 56 53
176 145 144
189 189 189
189 189 189
189 189 189
189 189 189
189 189 189
189 189 189
189 189 189
189 189 189
189 189 189
189 189 189
189 189 189
189 189 189
189 189 189
189 189 189
176 145 144
143 56 53
125 1 4
125 1 4
125 1 4
125 1 4
143 56 53
176 145 144
189 189 189
189 189 189
189 189 189
189 189 189
189 189 189
189 189 189
189 189 189
189 189 189
189 189 189
189 189 189
189 189 189
189 189 189
189 189 189
189 189 189
176 145 144
143 56 53
125 1 4
125 1 4
125 1 4
125 1 4
143 56 53
176 145 144
186 178 178
179 156 156
176 145 144
176 145 144
176 145 144
176 145 144
176 145 144
176 145 144
176 145 144
176 145 144
176 145 144
176 145 144
176 145 144
176 145 144
164 113 110
138 45 41
125 1 4
125 1 4
125 1 4
125 1 4
143 56 53
176 145 144
179 156 156
157 90 88
143 56 53
143 56 53
143 56 53
143 56 53
143 56 53
143 56 53
143 56 53
143 56 53
143 56 53
143 56 53
143 56 53
143 56 53
138 45 41
130 19 17
125 1 4
125 1 4
125 1 4
125 1 4
143 56 53
176 145 144
176 145 144
143 56 53
125 1 4
125 1 4
125 1 4
125 1 4
125 1 4
125 1 4
125 1 4
125 1 4
125 1 4
125 1 4
125 1 4
125 1 4
125 1 4
125 1 4
125 1 4
125 1 4
130 19 17
138 45 41
157 90 88
179 156 156
176 145 144
143 56 53
125 1 4
125 1 4
125 1 4
125 1 4
125 1 4
125 1 4
125 1 4
125 1 4
125 1 4
125 1 4
125 1 4
125 1 4
125 1 4
125 1 4
125 1 4
125 1 4
138 45 41
164 113 110
179 156 156
186 178 178
179 156 156
157 90 88
143 56 53
143 56 53
143 56 53
143 56 53
143 56 53
143 56 53
143 56 53
143 56 53
143 56 53
143 56 53
143 56 53
143 56 53
143 56 53
143 56 53
143 56 53
143 56 53
157 90 88
179 156 156
189 189 189
189 189 189
186 178 178
179 156 156
176 145 144
176 145 144
176 145 144
176 145 144
176 145 144
176 145 144
176 145 144
176 145 144
176 145 144
176 145 144
176 145 144
176 145 144
176 145 144
176 145 144
176 145 144
176 145 144
179 156 156
186 178 178
189 189 189
189 189 189
*
22 22
255 6 16
255 6 16
255 6 16
255 6 16
255 6 16
255 6 16
255 6 16
255 6 16
255 6 16
255 6 16
194 10 14
65 8 7
65 8 7
194 10 14
255 6 16
255 6 16
255 6 16
255 6 16
255 6 16
255 6 16
255 6 16
255 6 16
255 6 16
255 6 16
255 6 16
255 6 16
255 6 16
255 6 16
255 6 16
255 6 16
255 6 16
255 6 16
194 10 14
65 8 7
65 8 7
194 10 14
255 6 16
255 6 16
255 6 16
255 6 16
255 6 16
255 6 16
255 6 16
255 6 16
255 6 16
255 6 16
242 9 16
210 9 14
210 9 14
242 9 16
242 9 16
210 9 14
194 10 14
194 10 14
146 12 12
49 7 6
49 7 6
146 12 12
194 10 14
194 10 14
210 9 14
242 9 16
242 9 16
210 9 14
210 9 14
242 9 16
255 6 16
255 6 16
210 9 14
113 10 10
113 10 10
210 9 14
210 9 14
113 10 10
65 8 7
65 8 7
49 7 6
17 2 2
17 2 2
49 7 6
65 8 7
65 8 7
113 10 10
210 9 14
210 9 14
113 10 10
113 10 10
210 9 14
255 6 16
255 6 16
210 9 14
113 10 10
98 10 9
162 12 13
146 12 12
49 7 6
0 0 0
0 0 0
0 0 0
0 0 0
0 0 0
0 0 0
0 0 0
0 0 0
49 7 6
146 12 12
162 12 13
98 10 9
113 10 10
210 9 14
255 6 16
255 6 16
242 9 16
210 9 14
162 12 13
98 10 9
49 7 6
17 2 2
0 0 0
0 0 0
0 0 0
0 0 0
0 0 0
0 0 0
0 0 0
0 0 0
17 2 2
49 7 6
98 10 9
162 12 13
210 9 14
242 9 16
255 6 16
255 6 16
242 9 16
210 9 14
146 12 12
49 7 6
16 16 16
48 48 48
64 64 64
64 64 64
48 48 48
16 16 16
0 0 0
0 0 0
0 0 0
0 0 0
0 0 0
0 0 0
49 7 6
146 12 12
210 9 14
242 9 16
255 6 16
255 6 16
210 9 14
113 10 10
49 7 6
17 2 2
48 48 48
143 143 143
191 191 191
191 191 191
143 143 143
48 48 48
0 0 0
0 0 0
0 0 0
0 0 0
0 0 0
0 0 0
17 2 2
49 7 6
113 10 10
210 9 14
255 6 16
255 6 16
194 10 14
65 8 7
0 0 0
0 0 0
64 64 64
191 191 191
255 255 255
255 255 255
191 191 191
64 64 64
0 0 0
0 0 0
0 0 0
0 0 0
0 0 0
0 0 0
0 0 0
0 0 0
65 8 7
194 10 14
255 6 16
255 6 16
194 10 14
65 8 7
0 0 0
0 0 0
64 64 64
191 191 191
255 255 255
255 255 255
191 191 191
64 64 64
0 0 0
0 0 0
0 0 0
0 0 0
0 0 0
0 0 0
0 0 0
0 0 0
65 8 7
194 10 14
194 10 14
194 10 14
146 12 12
49 7 6
0 0 0
0 0 0
48 48 48
143 143 143
191 191 191
191 191 191
143 143 143
48 48 48
0 0 0
0 0 0
0 0 0
0 0 0
0 0 0
0 0 0
0 0 0
0 0 0
49 7 6
146 12 12
65 8 7
65 8 7
49 7 6
17 2 2
0 0 0
0 0 0
16 16 16
48 48 48
64 64 64
64 64 64
48 48 48
16 16 16
0 0 0
0 0 0
0 0 0
0 0 0
0 0 0
0 0 0
0 0 0
0 0 0
17 2 2
49 7 6
65 8 7
65 8 7
49 7 6
17 2 2
0 0 0
0 0 0
0 0 0
0 0 0
0 0 0
0 0 0
0 0 0
0 0 0
0 0 0
0 0 0
0 0 0
0 0 0
0 0 0
0 0 0
0 0 0
0 0 0
17 2 2
49 7 6
194 10 14
194 10 14
146 12 12
49 7 6
0 0 0
0 0 0
0 0 0
0 0 0
0 0 0
0 0 0
0 0 0
0 0 0
0 0 0
0 0 0
0 0 0
0 0 0
0 0 0
0 0 0
0 0 0
0 0 0
49 7 6
146 12 12
255 6 16
255 6 16
194 10 14
65 8 7
0 0 0
0 0 0
0 0 0
0 0 0
0 0 0
0 0 0
0 0 0
0 0 0
0 0 0
0 0 0
0 0 0
0 0 0
0 0 0
0 0 0
0 0 0
0 0 0
65 8 7
194 10 14
255 6 16
255 6 16
194 10 14
65 8 7
0 0 0
0 0 0
0 0 0
0 0 0
0 0 0
0 0 0
0 0 0
0 0 0
0 0 0
0 0 0
0 0 0
0 0 0
0 0 0
0 0 0
0 0 0
0 0 0
65 8 7
194 10 14
255 6 16
255 6 16
210 9 14
113 10 10
49 7 6
17 2 2
0 0 0
0 0 0
0 0 0
0 0 0
0 0 0
0 0 0
0 0 0
0 0 0
0 0 0
0 0 0
0 0 0
0 0 0
17 2 2
49 7 6
113 10 10
210 9 14
255 6 16
255 6 16
242 9 16
210 9 14
146 12 12
49 7 6
0 0 0
0 0 0
0 0 0
0 0 0
0 0 0
0 0 0
0 0 0
0 0 0
0 0 0
0 0 0
0 0 0
0 0 0
49 7 6
146 12 12
210 9 14
242 9 16
255 6 16
255 6 16
242 9 16
210 9 14
162 12 13
98 10 9
49 7 6
17 2 2
0 0 0
0 0 0
0 0 0
0 0 0
0 0 0
0 0 0
0 0 0
0 0 0
17 2 2
49 7 6
98 10 9
162 12 13
210 9 14
242 9 16
255 6 16
255 6 16
210 9 14
113 10 10
98 10 9
162 12 13
146 12 12
49 7 6
0 0 0
0 0 0
0 0 0
0 0 0
0 0 0
0 0 0
0 0 0
0 0 0
49 7 6
146 12 12
162 12 13
98 10 9
113 10 10
210 9 14
255 6 16
255 6 16
210 9 14
113 10 10
113 10 10
210 9 14
210 9 14
113 10 10
65 8 7
65 8 7
49 7 6
17 2 2
17 2 2
49 7 6
65 8 7
65 8 7
113 10 10
210 9 14
210 9 14
113 10 10
113 10 10
210 9 14
255 6 16
255 6 16
242 9 16
210 9 14
210 9 14
242 9 16
242 9 16
210 9 14
194 10 14
194 10 14
146 12 12
49 7 6
49 7 6
146 12 12
194 10 14
194 10 14
210 9 14
242 9 16
242 9 16
210 9 14
210 9 14
242 9 16
4
22 22
189 189 189
189 189 189
189 189 189
189 189 189
177 177 185
154 154 177
142 142 172
142 142 172
142 142 172
142 142 172
154 154 177
177 177 185
177 177 185
154 154 177
142 142 172
142 142 172
142 142 172
142 142 172
154 154 177
177 177 185
189 189 189
189 189 189
189 189 189
189 189 189
189 189 189
189 189 189
154 154 177
83 83 151
46 47 138
46 47 138
46 47 138
46 47 138
83 83 151
154 154 177
154 154 177
83 83 151
46 47 138
46 47 138
46 47 138
46 47 138
83 83 151
154 154 177
189 189 189
189 189 189
189 189 189
189 189 189
189 189 189
189 189 189
142 142 172
46 47 138
0 1 120
0 1 120
0 1 120
0 1 120
46 47 138
142 142 172
142 142 172
46 47 138
0 1 120
0 1 120
0 1 120
0 1 120
46 47 138
142 142 172
189 189 189
189 189 189
189 189 189
189 189 189
189 189 189
189 189 189
142 142 172
46 47 138
0 1 120
0 1 120
0 1 120
0 1 120
46 47 138
142 142 172
142 142 172
46 47 138
0 1 120
0 1 120
0 1 120
0 1 120
46 47 138
142 142 172
189 189 189
189 189 189
189 189 189
189 189 189
177 177 185
154 154 177
106 106 160
34 35 133
0 1 120
0 1 120
10 13 124
34 35 133
83 83 151
154 154 177
142 142 172
46 47 138
0 1 120
0 1 120
0 1 120
0 1 120
46 47 138
142 142 172
189 189 189
189 189 189
189 189 189
189 189 189
154 154 177
83 83 151
34 35 133
10 13 124
0 1 120
0 1 120
34 35 133
106 106 160
154 154 177
177 177 185
142 142 172
46 47 138
0 1 120
0 1 120
0 1 120
0 1 120
46 47 138
142 142 172
189 189 189
189 189 189
189 189 189
189 189 189
142 142 172
46 47 138
0 1 120
0 1 120
0 1 120
0 1 120
46 47 138
142 142 172
189 189 189
189 189 189
142 142 172
46 47 138
0 1 120
0 1 120
0 1 120
0 1 120
46 47 138
142 142 172
189 189 189
189 189 189
189 189 189
189 189 189
142 142 172
46 47 138
0 1 120
0 1 120
0 1 120
0 1 120
46 47 138
142 142 172
189 189 189
189 189 189
142 142 172
46 47 138
0 1 120
0 1 120
0 1 120
0 1 120
46 47 138
142 142 172
189 189 189
189 189 189
177 177 185
154 154 177
106 106 160
34 35 133
0 1 120
0 1 120
0 1 120
0 1 120
34 35 133
106 106 160
142 142 172
142 142 172
106 106 160
34 35 133
0 1 120
0 1 120
0 1 120
0 1 120
34 35 133
106 106 160
154 154 177
177 177 185
154 154 177
83 83 151
34 35 133
10 13 124
0 1 120
0 1 120
0 1 120
0 1 120
10 13 124
34 35 133
46 47 138
46 47 138
34 35 133
10 13 124
0 1 120
0 1 120
0 1 120
0 1 120
10 13 124
34 35 133
83 83 151
154 154 177
142 142 172
46 47 138
0 1 120
0 1 120
0 1 120
0 1 120
0 1 120
0 1 120
0 1 120
0 1 120
0 1 120
0 1 120
0 1 120
0 1 120
0 1 120
0 1 120
0 1 120
0 1 120
0 1 120
0 1 120
46 47 138
142 142 172
142 142 172
46 47 138
0 1 120
0 1 120
0 1 120
0 1 120
0 1 120
0 1 120
0 1 120
0 1 120
0 1 120
0 1 120
0 1 120
0 1 120
0 1 120
0 1 120
0 1 120
0 1 120
0 1 120
0 1 120
46 47 138
142 142 172
154 154 177
83 83 151
46 47 138
46 47 138
46 47 138
46 47 138
46 47 138
46 47 138
46 47 138
46 47 138
46 47 138
46 47 138
34 35 133
10 13 124
0 1 120
0 1 120
0 1 120
0 1 120
10 13 124
34 35 133
83 83 151
154 154 177
177 177 185
154 154 177
142 142 172
142 142 172
142 142 172
142 142 172
142 142 172
142 142 172
142 142 172
142 142 172
142 142 172
142 142 172
106 106 160
34 35 133
0 1 120
0 1 120
0 1 120
0 1 120
34 35 133
106 106 160
154 154 177
177 177 185
189 189 189
189 189 189
189 189 189
189 189 189
189 189 189
189 189 189
189 189 189
189 189 189
189 189 189
189 189 189
189 189 189
189 189 189
142 142 172
46 47 138
0 1 120
0 1 120
0 1 120
0 1 120
46 47 138
142 142 172
189 189 189
189 189 189
189 189 189
189 189 189
189 189 189
189 189 189
189 189 189
189 189 189
189 189 189
189 189 189
189 189 189
189 189 189
189 189 189
189 189 189
142 142 172
46 47 138
0 1 120
0 1 120
0 1 120
0 1 120
46 47 138
142 142 172
189 189 189
189 189 189
189 189 189
189 189 189
189 189 189
189 189 189
189 189 189
189 189 189
189 189 189
189 189 189
189 189 189
189 189 189
189 189 189
189 189 189
142 142 172
46 47 138
0 1 120
0 1 120
0 1 120
0 1 120
46 47 138
142 142 172
189 189 189
189 189 189
189 189 189
189 189 189
189 189 189
189 189 189
189 189 189
189 189 189
189 189 189
189 189 189
189 189 189
189 189 189
189 189 189
189 189 189
142 142 172
46 47 138
0 1 120
0 1 120
0 1 120
0 1 120
46 47 138
142 142 172
189 189 189
189 189 189
189 189 189
189 189 189
189 189 189
189 189 189
189 189 189
189 189 189
189 189 189
189 189 189
189 189 189
189 189 189
189 189 189
189 189 189
142 142 172
46 47 138
0 1 120
0 1 120
0 1 120
0 1 120
46 47 138
142 142 172
189 189 189
189 189 189
189 189 189
189 189 189
189 189 189
189 189 189
189 189 189
189 189 189
189 189 189
189 189 189
189 189 189
189 189 189
189 189 189
189 189 189
142 142 172
46 47 138
0 1 120
0 1 120
0 1 120
0 1 120
46 47 138
142 142 172
189 189 189
189 189 189
189 189 189
189 189 189
189 189 189
189 189 189
189 189 189
189 189 189
189 189 189
189 189 189
189 189 189
189 189 189
189 189 189
189 189 189
154 154 177
83 83 151
46 47 138
46 47 138
46 47 138
46 47 138
83 83 151
154 154 177
189 189 189
189 189 189
189 189 189
189 189 189
189 189 189
189 189 189
189 189 189
189 189 189
189 189 189
189 189 189
189 189 189
189 189 189
189 189 189
189 189 189
177 177 185
154 154 177
142 142 172
142 142 172
142 142 172
142 142 172
154 154 177
177 177 185
189 189 189
189 189 189
2
22 22
189 189 189
189 189 189
179 185 179
159 176 159
150 173 149
150 173 149
150 173 149
150 173 149
150 173 149
150 173 149
150 173 149
150 173 149
150 173 149
150 173 149
150 173 149
150 173 149
150 173 149
150 173 149
159 176 159
179 185 179
189 189 189
189 189 189
189 189 189
189 189 189
159 176 159
98 152 99
65 139 67
65 139 67
65 139 67
65 139 67
65 139 67
65 139 67
65 139 67
65 139 67
65 139 67
65 139 67
65 139 67
65 139 67
65 139 67
65 139 67
98 152 99
159 176 159
189 189 189
189 189 189
179 185 179
159 176 159
119 160 118
51 136 57
0 123 23
0 123 23
0 123 23
0 123 23
0 123 23
0 123 23
0 123 23
0 123 23
0 123 23
0 123 23
0 123 23
0 123 23
0 123 23
0 123 23
51 136 57
119 160 118
159 176 159
179 185 179
159 176 159
98 152 99
51 136 57
15 127 35
0 123 23
0 123 23
0 123 23
0 123 23
0 123 23
0 123 23
0 123 23
0 123 23
0 123 23
0 123 23
0 123 23
0 123 23
0 123 23
0 123 23
15 127 35
51 136 57
98 152 99
159 176 159
150 173 149
65 139 67
0 123 23
0 123 23
0 123 23
0 123 23
15 127 35
51 136 57
65 139 67
65 139 67
65 139 67
65 139 67
65 139 67
65 139 67
51 136 57
15 127 35
0 123 23
0 123 23
0 123 23
0 123 23
65 139 67
150 173 149
150 173 149
65 139 67
0 123 23
0 123 23
0 123 23
0 123 23
51 136 57
119 160 118
150 173 149
150 173 149
150 173 149
150 173 149
150 173 149
150 173 149
119 160 118
51 136 57
0 123 23
0 123 23
0 123 23
0 123 23
65 139 67
150 173 149
159 176 159
98 152 99
65 139 67
65 139 67
65 139 67
65 139 67
98 152 99
159 176 159
189 189 189
189 189 189
189 189 189
189 189 189
189 189 189
189 189 189
150 173 149
65 139 67
0 123 23
0 123 23
0 123 23
0 123 23
65 139 67
150 173 149
179 185 179
159 176 159
150 173 149
150 173 149
150 173 149
150 173 149
159 176 159
179 185 179
189 189 189
189 189 189
189 189 189
189 189 189
189 189 189
189 189 189
150 173 149
65 139 67
0 123 23
0 123 23
0 123 23
0 123 23
65 139 67
150 173 149
189 189 189
189 189 189
189 189 189
189 189 189
189 189 189
189 189 189
189 189 189
189 189 189
189 189 189
189 189 189
179 185 179
159 176 159
150 173 149
150 173 149
119 160 118
51 136 57
0 123 23
0 123 23
15 127 35
51 136 57
98 152 99
159 176 159
189 189 189
189 189 189
189 189 189
189 189 189
189 189 189
189 189 189
189 189 189
189 189 189
189 189 189
189 189 189
159 176 159
98 152 99
65 139 67
65 139 67
51 136 57
15 127 35
0 123 23
0 123 23
51 136 57
119 160 118
159 176 159
179 185 179
189 189 189
189 189 189
189 189 189
189 189 189
189 189 189
189 189 189
179 185 179
159 176 159
150 173 149
150 173 149
119 160 118
51 136 57
0 123 23
0 123 23
0 123 23
0 123 23
15 127 35
51 136 57
98 152 99
159 176 159
189 189 189
189 189 189
189 189 189
189 189 189
189 189 189
189 189 189
189 189 189
189 189 189
159 176 159
98 152 99
65 139 67
65 139 67
51 136 57
15 127 35
0 123 23
0 123 23
0 123 23
0 123 23
51 136 57
119 160 118
159 176 159
179 185 179
189 189 189
189 189 189
189 189 189
189 189 189
179 185 179
159 176 159
150 173 149
150 173 149
119 160 118
51 136 57
0 123 23
0 123 23
0 123 23
0 123 23
15 127 35
51 136 57
65 139 67
65 139 67
98 152 99
159 176 159
189 189 189
189 189 189
189 189 189
189 189 189
189 189 189
189 189 189
159 176 159
98 152 99
65 139 67
65 139 67
51 136 57
15 127 35
0 123 23
0 123 23
0 123 23
0 123 23
51 136 57
119 160 118
150 173 149
150 173 149
159 176 159
179 185 179
189 189 189
189 189 189
189 189 189
189 189 189
179 185 179
159 176 159
119 160 118
51 136 57
0 123 23
0 123 23
0 123 23
0 123 23
15 127 35
51 136 57
65 139 67
65 139 67
98 152 99
159 176 159
189 189 189
189 189 189
189 189 189
189 189 189
189 189 189
189 189 189
189 189 189
189 189 189
159 176 159
98 152 99
51 136 57
15 127 35
0 123 23
0 123 23
0 123 23
0 123 23
51 136 57
119 160 118
150 173 149
150 173 149
159 176 159
179 185 179
189 189 189
189 189 189
189 189 189
189 189 189
189 189 189
189 189 189
189 189 189
189 189 189
150 173 149
65 139 67
0 123 23
0 123 23
0 123 23
0 123 23
0 123 23
0 123 23
51 136 57
119 160 118
150 173 149
150 173 149
150 173 149
150 173 149
150 173 149
150 173 149
150 173 149
150 173 149
150 173 149
150 173 149
159 176 159
179 185 179
150 173 149
65 139 67
0 123 23
0 123 23
0 123 23
0 123 23
0 123 23
0 123 23
15 127 35
51 136 57
65 139 67
65 139 67
65 139 67
65 139 67
65 139 67
65 139 67
65 139 67
65 139 67
65 139 67
65 139 67
98 152 99
159 176 159
150 173 149
65 139 67
0 123 23
0 123 23
0 123 23
0 123 23
0 123 23
0 123 23
0 123 23
0 123 23
0 123 23
0 123 23
0 123 23
0 123 23
0 123 23
0 123 23
0 123 23
0 123 23
0 123 23
0 123 23
65 139 67
150 173 149
150 173 149
65 139 67
0 123 23
0 123 23
0 123 23
0 123 23
0 123 23
0 123 23
0 123 23
0 123 23
0 123 23
0 123 23
0 123 23
0 123 23
0 123 23
0 123 23
0 123 23
0 123 23
0 123 23
0 123 23
65 139 67
150 173 149
159 176 159
98 152 99
65 139 67
65 139 67
65 139 67
65 139 67
65 139 67
65 139 67
65 139 67
65 139 67
65 139 67
65 139 67
65 139 67
65 139 67
65 139 67
65 139 67
65 139 67
65 139 67
65 139 67
65 139 67
98 152 99
159 176 159
179 185 179
159 176 159
150 173 149
150 173 149
150 173 149
150 173 149
150 173 149
150 173 149
150 173 149
150 173 149
150 173 149
150 173 149
150 173 149
150 173 149
150 173 149
150 173 149
150 173 149
150 173 149
150 173 149
150 173 149
159 176 159
179 185 179
3
22 22
195 179 179
205 161 159
210 152 149
210 152 149
210 152 149
210 152 149
210 152 149
210 152 149
210 152 149
210 152 149
210 152 149
210 152 149
210 152 149
210 152 149
210 152 149
210 152 149
210 152 149
210 152 149
205 161 159
195 179 179
189 189 189
189 189 189
205 161 159
232 104 99
245 72 67
245 72 67
245 72 67
245 72 67
245 72 67
245 72 67
245 72 67
245 72 67
245 72 67
245 72 67
245 72 67
245 72 67
245 72 67
245 72 67
245 72 67
245 72 67
232 104 99
205 161 159
189 189 189
189 189 189
210 152 149
245 72 67
255 6 16
255 6 16
255 6 16
255 6 16
255 6 16
255 6 16
255 6 16
255 6 16
255 6 16
255 6 16
255 6 16
255 6 16
255 6 16
255 6 16
255 6 16
255 6 16
249 61 57
225 124 120
205 161 159
195 179 179
210 152 149
245 72 67
255 6 16
255 6 16
255 6 16
255 6 16
255 6 16
255 6 16
255 6 16
255 6 16
255 6 16
255 6 16
255 6 16
255 6 16
255 6 16
255 6 16
255 6 16
255 6 16
255 33 33
249 61 57
232 104 99
205 161 159
205 161 159
232 104 99
245 72 67
245 72 67
245 72 67
245 72 67
245 72 67
245 72 67
245 72 67
245 72 67
245 72 67
245 72 67
245 72 67
245 72 67
249 61 57
255 33 33
255 6 16
255 6 16
255 6 16
255 6 16
245 72 67
210 152 149
195 179 179
205 161 159
210 152 149
210 152 149
210 152 149
210 152 149
210 152 149
210 152 149
210 152 149
210 152 149
210 152 149
210 152 149
210 152 149
210 152 149
225 124 120
249 61 57
255 6 16
255 6 16
255 6 16
255 6 16
245 72 67
210 152 149
189 189 189
189 189 189
189 189 189
189 189 189
189 189 189
189 189 189
189 189 189
189 189 189
189 189 189
189 189 189
189 189 189
189 189 189
189 189 189
189 189 189
210 152 149
245 72 67
255 6 16
255 6 16
255 6 16
255 6 16
245 72 67
210 152 149
189 189 189
189 189 189
189 189 189
189 189 189
189 189 189
189 189 189
189 189 189
189 189 189
189 189 189
189 189 189
189 189 189
189 189 189
189 189 189
189 189 189
210 152 149
245 72 67
255 6 16
255 6 16
255 6 16
255 6 16
245 72 67
210 152 149
189 189 189
189 189 189
189 189 189
189 189 189
189 189 189
189 189 189
195 179 179
205 161 159
210 152 149
210 152 149
210 152 149
210 152 149
210 152 149
210 152 149
225 124 120
249 61 57
255 6 16
255 6 16
255 33 33
249 61 57
232 104 99
205 161 159
189 189 189
189 189 189
189 189 189
189 189 189
189 189 189
189 189 189
205 161 159
232 104 99
245 72 67
245 72 67
245 72 67
245 72 67
245 72 67
245 72 67
249 61 57
255 33 33
255 6 16
255 6 16
249 61 57
225 124 120
205 161 159
195 179 179
189 189 189
189 189 189
189 189 189
189 189 189
189 189 189
189 189 189
210 152 149
245 72 67
255 6 16
255 6 16
255 6 16
255 6 16
255 6 16
255 6 16
255 6 16
255 6 16
255 6 16
255 6 16
245 72 67
210 152 149
189 189 189
189 189 189
189 189 189
189 189 189
189 189 189
189 189 189
189 189 189
189 189 189
210 152 149
245 72 67
255 6 16
255 6 16
255 6 16
255 6 16
255 6 16
255 6 16
255 6 16
255 6 16
255 6 16
255 6 16
245 72 67
210 152 149
189 189 189
189 189 189
189 189 189
189 189 189
189 189 189
189 189 189
189 189 189
189 189 189
205 161 159
232 104 99
245 72 67
245 72 67
245 72 67
245 72 67
245 72 67
245 72 67
249 61 57
255 33 33
255 6 16
255 6 16
249 61 57
225 124 120
205 161 159
195 179 179
189 189 189
189 189 189
189 189 189
189 189 189
189 189 189
189 189 189
195 179 179
205 161 159
210 152 149
210 152 149
210 152 149
210 152 149
210 152 149
210 152 149
225 124 120
249 61 57
255 6 16
255 6 16
255 33 33
249 61 57
232 104 99
205 161 159
189 189 189
189 189 189
189 189 189
189 189 189
189 189 189
189 189 189
189 189 189
189 189 189
189 189 189
189 189 189
189 189 189
189 189 189
189 189 189
189 189 189
210 152 149
245 72 67
255 6 16
255 6 16
255 6 16
255 6 16
245 72 67
210 152 149
189 189 189
189 189 189
189 189 189
189 189 189
189 189 189
189 189 189
189 189 189
189 189 189
189 189 189
189 189 189
189 189 189
189 189 189
189 189 189
189 189 189
210 152 149
245 72 67
255 6 16
255 6 16
255 6 16
255 6 16
245 72 67
210 152 149
195 179 179
205 161 159
210 152 149
210 152 149
210 152 149
210 152 149
210 152 149
210 152 149
210 152 149
210 152 149
210 152 149
210 152 149
210 152 149
210 152 149
225 124 120
249 61 57
255 6 16
255 6 16
255 6 16
255 6 16
245 72 67
210 152 149
205 161 159
232 104 99
245 72 67
245 72 67
245 72 67
245 72 67
245 72 67
245 72 67
245 72 67
245 72 67
245 72 67
245 72 67
245 72 67
245 72 67
249 61 57
255 33 33
255 6 16
255 6 16
255 6 16
255 6 16
245 72 67
210 152 149
210 152 149
245 72 67
255 6 16
255 6 16
255 6 16
255 6 16
255 6 16
255 6 16
255 6 16
255 6 16
255 6 16
255 6 16
255 6 16
255 6 16
255 6 16
255 6 16
255 6 16
255 6 16
255 33 33
249 61 57
232 104 99
205 161 159
210 152 149
245 72 67
255 6 16
255 6 16
255 6 16
255 6 16
255 6 16
255 6 16
255 6 16
255 6 16
255 6 16
255 6 16
255 6 16
255 6 16
255 6 16
255 6 16
255 6 16
255 6 16
249 61 57
225 124 120
205 161 159
195 179 179
205 161 159
232 104 99
245 72 67
245 72 67
245 72 67
245 72 67
245 72 67
245 72 67
245 72 67
245 72 67
245 72 67
245 72 67
245 72 67
245 72 67
245 72 67
245 72 67
245 72 67
245 72 67
232 104 99
205 161 159
189 189 189
189 189 189
195 179 179
205 161 159
210 152 149
210 152 149
210 152 149
210 152 149
210 152 149
210 152 149
210 152 149
210 152 149
210 152 149
210 152 149
210 152 149
210 152 149
210 152 149
210 152 149
210 152 149
210 152 149
205 161 159
195 179 179
189 189 189
189 189 189
1
22 22
189 189 189
189 189 189
189 189 189
189 189 189
189 189 189
189 189 189
189 189 189
189 189 189
189 189 189
189 189 189
177 177 193
154 154 201
142 142 205
142 142 205
154 154 201
177 177 193
189 189 189
189 189 189
189 189 189
189 189 189
189 189 189
189 189 189
189 189 189
189 189 189
189 189 189
189 189 189
189 189 189
189 189 189
189 189 189
189 189 189
189 189 189
189 189 189
154 154 201
82 83 224
45 48 235
45 48 235
82 83 224
154 154 201
189 189 189
189 189 189
189 189 189
189 189 189
189 189 189
189 189 189
189 189 189
189 189 189
189 189 189
189 189 189
189 189 189
189 189 189
189 189 189
189 189 189
177 177 193
154 154 201
106 106 216
32 37 239
0 5 250
0 5 250
45 48 235
142 142 205
189 189 189
189 189 189
189 189 189
189 189 189
189 189 189
189 189 189
189 189 189
189 189 189
189 189 189
189 189 189
189 189 189
189 189 189
189 189 189
189 189 189
154 154 201
82 83 224
32 37 239
4 16 246
0 5 250
0 5 250
45 48 235
142 142 205
189 189 189
189 189 189
189 189 189
189 189 189
189 189 189
189 189 189
189 189 189
189 189 189
189 189 189
189 189 189
189 189 189
189 189 189
177 177 193
154 154 201
106 106 216
32 37 239
0 5 250
0 5 250
0 5 250
0 5 250
45 48 235
142 142 205
189 189 189
189 189 189
189 189 189
189 189 189
189 189 189
189 189 189
189 189 189
189 189 189
189 189 189
189 189 189
189 189 189
189 189 189
154 154 201
82 83 224
32 37 239
4 16 246
0 5 250
0 5 250
0 5 250
0 5 250
45 48 235
142 142 205
189 189 189
189 189 189
189 189 189
189 189 189
189 189 189
189 189 189
189 189 189
189 189 189
189 189 189
189 189 189
177 177 193
154 154 201
106 106 216
32 37 239
0 5 250
0 5 250
0 5 250
0 5 250
0 5 250
0 5 250
45 48 235
142 142 205
189 189 189
189 189 189
189 189 189
189 189 189
189 189 189
189 189 189
189 189 189
189 189 189
189 189 189
189 189 189
154 154 201
82 83 224
32 37 239
4 16 246
0 5 250
0 5 250
0 5 250
0 5 250
0 5 250
0 5 250
45 48 235
142 142 205
189 189 189
189 189 189
189 189 189
189 189 189
189 189 189
189 189 189
189 189 189
189 189 189
189 189 189
189 189 189
154 154 201
82 83 224
45 48 235
45 48 235
32 37 239
4 16 246
0 5 250
0 5 250
0 5 250
0 5 250
45 48 235
142 142 205
189 189 189
189 189 189
189 189 189
189 189 189
189 189 189
189 189 189
189 189 189
189 189 189
189 189 189
189 189 189
177 177 193
154 154 201
142 142 205
142 142 205
106 106 216
32 37 239
0 5 250
0 5 250
0 5 250
0 5 250
45 48 235
142 142 205
189 189 189
189 189 189
189 189 189
189 189 189
189 189 189
189 189 189
189 189 189
189 189 189
189 189 189
189 189 189
189 189 189
189 189 189
189 189 189
189 189 189
142 142 205
45 48 235
0 5 250
0 5 250
0 5 250
0 5 250
45 48 235
142 142 205
189 189 189
189 189 189
189 189 189
189 189 189
189 189 189
189 189 189
189 189 189
189 189 189
189 189 189
189 189 189
189 189 189
189 189 189
189 189 189
189 189 189
142 142 205
45 48 235
0 5 250
0 5 250
0 5 250
0 5 250
45 48 235
142 142 205
189 189 189
189 189 189
189 189 189
189 189 189
189 189 189
189 189 189
189 189 189
189 189 189
189 189 189
189 189 189
189 189 189
189 189 189
189 189 189
189 189 189
142 142 205
45 48 235
0 5 250
0 5 250
0 5 250
0 5 250
45 48 235
142 142 205
189 189 189
189 189 189
189 189 189
189 189 189
189 189 189
189 189 189
189 189 189
189 189 189
189 189 189
189 189 189
189 189 189
189 189 189
189 189 189
189 189 189
142 142 205
45 48 235
0 5 250
0 5 250
0 5 250
0 5 250
45 48 235
142 142 205
189 189 189
189 189 189
189 189 189
189 189 189
189 189 189
189 189 189
189 189 189
189 189 189
189 189 189
189 189 189
189 189 189
189 189 189
189 189 189
189 189 189
142 142 205
45 48 235
0 5 250
0 5 250
0 5 250
0 5 250
45 48 235
142 142 205
189 189 189
189 189 189
189 189 189
189 189 189
189 189 189
189 189 189
189 189 189
189 189 189
189 189 189
189 189 189
189 189 189
189 189 189
189 189 189
189 189 189
142 142 205
45 48 235
0 5 250
0 5 250
0 5 250
0 5 250
45 48 235
142 142 205
189 189 189
189 189 189
189 189 189
189 189 189
189 189 189
189 189 189
189 189 189
189 189 189
189 189 189
189 189 189
177 177 193
154 154 201
142 142 205
142 142 205
106 106 216
32 37 239
0 5 250
0 5 250
0 5 250
0 5 250
32 37 239
106 106 216
142 142 205
142 142 205
154 154 201
177 177 193
189 189 189
189 189 189
189 189 189
189 189 189
189 189 189
189 189 189
154 154 201
82 83 224
45 48 235
45 48 235
32 37 239
4 16 246
0 5 250
0 5 250
0 5 250
0 5 250
4 16 246
32 37 239
45 48 235
45 48 235
82 83 224
154 154 201
189 189 189
189 189 189
189 189 189
189 189 189
189 189 189
189 189 189
142 142 205
45 48 235
0 5 250
0 5 250
0 5 250
0 5 250
0 5 250
0 5 250
0 5 250
0 5 250
0 5 250
0 5 250
0 5 250
0 5 250
45 48 235
142 142 205
189 189 189
189 189 189
189 189 189
189 189 189
189 189 189
189 189 189
142 142 205
45 48 235
0 5 250
0 5 250
0 5 250
0 5 250
0 5 250
0 5 250
0 5 250
0 5 250
0 5 250
0 5 250
0 5 250
0 5 250
45 48 235
142 142 205
189 189 189
189 189 189
189 189 189
189 189 189
189 189 189
189 189 189
154 154 201
82 83 224
45 48 235
45 48 235
45 48 235
45 48 235
45 48 235
45 48 235
45 48 235
45 48 235
45 48 235
45 48 235
45 48 235
45 48 235
82 83 224
154 154 201
189 189 189
189 189 189
189 189 189
189 189 189
189 189 189
189 189 189
177 177 193
154 154 201
142 142 205
142 142 205
142 142 205
142 142 205
142 142 205
142 142 205
142 142 205
142 142 205
142 142 205
142 142 205
142 142 205
142 142 205
154 154 201
177 177 193
189 189 189
189 189 189
6
22 22
189 189 189
189 189 189
179 185 185
159 176 176
150 173 172
150 173 172
150 173 172
150 173 172
150 173 172
150 173 172
150 173 172
150 173 172
150 173 172
150 173 172
150 173 172
150 173 172
150 173 172
150 173 172
159 176 176
179 185 185
189 189 189
189 189 189
189 189 189
189 189 189
159 176 176
98 152 151
65 140 140
65 140 140
65 140 140
65 140 140
65 140 140
65 140 140
65 140 140
65 140 140
65 140 140
65 140 140
65 140 140
65 140 140
65 140 140
65 140 140
98 152 151
159 176 176
189 189 189
189 189 189
179 185 185
159 176 176
119 160 160
51 136 136
0 123 123
0 123 123
0 123 123
0 123 123
0 123 123
0 123 123
0 123 123
0 123 123
0 123 123
0 123 123
0 123 123
0 123 123
0 123 123
0 123 123
65 140 140
150 173 172
189 189 189
189 189 189
159 176 176
98 152 151
51 136 136
13 127 127
0 123 123
0 123 123
0 123 123
0 123 123
0 123 123
0 123 123
0 123 123
0 123 123
0 123 123
0 123 123
0 123 123
0 123 123
0 123 123
0 123 123
65 140 140
150 173 172
189 189 189
189 189 189
150 173 172
65 140 140
0 123 123
0 123 123
0 123 123
0 123 123
13 127 127
51 136 136
65 140 140
65 140 140
65 140 140
65 140 140
65 140 140
65 140 140
65 140 140
65 140 140
65 140 140
65 140 140
98 152 151
159 176 176
189 189 189
189 189 189
150 173 172
65 140 140
0 123 123
0 123 123
0 123 123
0 123 123
51 136 136
119 160 160
150 173 172
150 173 172
150 173 172
150 173 172
150 173 172
150 173 172
150 173 172
150 173 172
150 173 172
150 173 172
159 176 176
179 185 185
189 189 189
189 189 189
150 173 172
65 140 140
0 123 123
0 123 123
0 123 123
0 123 123
65 140 140
150 173 172
189 189 189
189 189 189
189 189 189
189 189 189
189 189 189
189 189 189
189 189 189
189 189 189
189 189 189
189 189 189
189 189 189
189 189 189
189 189 189
189 189 189
150 173 172
65 140 140
0 123 123
0 123 123
0 123 123
0 123 123
65 140 140
150 173 172
189 189 189
189 189 189
189 189 189
189 189 189
189 189 189
189 189 189
189 189 189
189 189 189
189 189 189
189 189 189
189 189 189
189 189 189
189 189 189
189 189 189
150 173 172
65 140 140
0 123 123
0 123 123
0 123 123
0 123 123
51 136 136
119 160 160
150 173 172
150 173 172
150 173 172
150 173 172
150 173 172
150 173 172
150 173 172
150 173 172
150 173 172
150 173 172
159 176 176
179 185 185
189 189 189
189 189 189
150 173 172
65 140 140
0 123 123
0 123 123
0 123 123
0 123 123
13 127 127
51 136 136
65 140 140
65 140 140
65 140 140
65 140 140
65 140 140
65 140 140
65 140 140
65 140 140
65 140 140
65 140 140
98 152 151
159 176 176
189 189 189
189 189 189
150 173 172
65 140 140
0 123 123
0 123 123
0 123 123
0 123 123
0 123 123
0 123 123
0 123 123
0 123 123
0 123 123
0 123 123
0 123 123
0 123 123
0 123 123
0 123 123
0 123 123
0 123 123
51 136 136
119 160 160
159 176 176
179 185 185
150 173 172
65 140 140
0 123 123
0 123 123
0 123 123
0 123 123
0 123 123
0 123 123
0 123 123
0 123 123
0 123 123
0 123 123
0 123 123
0 123 123
0 123 123
0 123 123
0 123 123
0 123 123
13 127 127
51 136 136
98 152 151
159 176 176
150 173 172
65 140 140
0 123 123
0 123 123
0 123 123
0 123 123
13 127 127
51 136 136
65 140 140
65 140 140
65 140 140
65 140 140
65 140 140
65 140 140
51 136 136
13 127 127
0 123 123
0 123 123
0 123 123
0 123 123
65 140 140
150 173 172
150 173 172
65 140 140
0 123 123
0 123 123
0 123 123
0 123 123
51 136 136
119 160 160
150 173 172
150 173 172
150 173 172
150 173 172
150 173 172
150 173 172
119 160 160
51 136 136
0 123 123
0 123 123
0 123 123
0 123 123
65 140 140
150 173 172
150 173 172
65 140 140
0 123 123
0 123 123
0 123 123
0 123 123
65 140 140
150 173 172
189 189 189
189 189 189
189 189 189
189 189 189
189 189 189
189 189 189
150 173 172
65 140 140
0 123 123
0 123 123
0 123 123
0 123 123
65 140 140
150 173 172
150 173 172
65 140 140
0 123 123
0 123 123
0 123 123
0 123 123
65 140 140
150 173 172
189 189 189
189 189 189
189 189 189
189 189 189
189 189 189
189 189 189
150 173 172
65 140 140
0 123 123
0 123 123
0 123 123
0 123 123
65 140 140
150 173 172
150 173 172
65 140 140
0 123 123
0 123 123
0 123 123
0 123 123
51 136 136
119 160 160
150 173 172
150 173 172
150 173 172
150 173 172
150 173 172
150 173 172
119 160 160
51 136 136
0 123 123
0 123 123
0 123 123
0 123 123
65 140 140
150 173 172
150 173 172
65 140 140
0 123 123
0 123 123
0 123 123
0 123 123
13 127 127
51 136 136
65 140 140
65 140 140
65 140 140
65 140 140
65 140 140
65 140 140
51 136 136
13 127 127
0 123 123
0 123 123
0 123 123
0 123 123
65 140 140
150 173 172
159 176 176
98 152 151
51 136 136
13 127 127
0 123 123
0 123 123
0 123 123
0 123 123
0 123 123
0 123 123
0 123 123
0 123 123
0 123 123
0 123 123
0 123 123
0 123 123
0 123 123
0 123 123
13 127 127
51 136 136
98 152 151
159 176 176
179 185 185
159 176 176
119 160 160
51 136 136
0 123 123
0 123 123
0 123 123
0 123 123
0 123 123
0 123 123
0 123 123
0 123 123
0 123 123
0 123 123
0 123 123
0 123 123
0 123 123
0 123 123
51 136 136
119 160 160
159 176 176
179 185 185
189 189 189
189 189 189
159 176 176
98 152 151
65 140 140
65 140 140
65 140 140
65 140 140
65 140 140
65 140 140
65 140 140
65 140 140
65 140 140
65 140 140
65 140 140
65 140 140
65 140 140
65 140 140
98 152 151
159 176 176
189 189 189
189 189 189
189 189 189
189 189 189
179 185 185
159 176 176
150 173 172
150 173 172
150 173 172
150 173 172
150 173 172
150 173 172
150 173 172
150 173 172
150 173 172
150 173 172
150 173 172
150 173 172
150 173 172
150 173 172
159 176 176
179 185 185
189 189 189
189 189 189
