3
32 32
189 189 189
189 189 189
189 189 189
189 189 189
189 189 189
189 189 189
189 189 189
189 189 189
189 189 189
189 189 189
189 189 189
189 189 189
189 189 189
189 189 189
189 189 189
189 189 189
189 189 189
189 189 189
189 189 189
189 189 189
189 189 189
189 189 189
189 189 189
189 189 189
189 189 189
189 189 189
189 189 189
189 189 189
189 189 189
189 189 189
189 189 189
189 189 189
189 189 189
189 189 189
189 189 189
189 189 189
189 189 189
189 189 189
189 189 189
189 189 189
189 189 189
189 189 189
189 189 189
189 189 189
189 189 189
189 189 189
189 189 189
189 189 189
189 189 189
189 189 189
189 189 189
189 189 189
189 189 189
189 189 189
189 189 189
189 189 189
189 189 189
189 189 189
189 189 189
189 189 189
189 189 189
189 189 189
189 189 189
189 189 189
189 189 189
189 189 189
189 189 189
189 189 189
189 189 189
189 189 189
189 189 189
189 189 189
189 189 189
189 189 189
189 189 189
189 189 189
189 189 189
189 189 189
189 189 189
189 189 189
189 189 189
189 189 189
189 189 189
189 189 189
189 189 189
189 189 189
189 189 189
189 189 189
189 189 189
189 189 189
189 189 189
189 189 189
189 189 189
189 189 189
189 189 189
189 189 189
189 189 189
189 189 189
189 189 189
189 189 189
189 189 189
189 189 189
189 189 189
189 189 189
189 189 189
189 189 189
189 189 189
189 189 189
189 189 189
189 189 189
189 189 189
189 189 189
189 189 189
189 189 189
189 189 189
189 189 189
189 189 189
189 189 189
189 189 189
189 189 189
189 189 189
189 189 189
189 189 189
189 189 189
189 189 189
189 189 189
189 189 189
189 189 189
189 189 189
189 189 189
189 189 189
189 189 189
189 189 189
189 189 189
189 189 189
189 189 189
189 189 189
189 189 189
189 189 189
196 176 176
214 143 140
222 127 123
231 111 105
237 95 89
235 100 96
229 111 105
223 126 121
208 159 156
191 187 187
189 189 189
189 189 189
189 189 189
189 189 189
189 189 189
189 189 189
189 189 189
189 189 189
189 189 189
189 189 189
189 189 189
189 189 189
189 189 189
189 189 189
189 189 189
189 189 189
189 189 189
189 189 189
189 189 189
189 189 189
202 168 166
235 102 96
255 6 16
255 6 16
255 6 16
255 6 16
255 6 16
255 6 16
255 6 16
255 6 16
255 6 16
255 29 30
223 127 122
191 186 186
189 189 189
189 189 189
189 189 189
189 189 189
189 189 189
189 189 189
189 189 189
189 189 189
189 189 189
189 189 189
189 189 189
189 189 189
189 189 189
189 189 189
189 189 189
189 189 189
189 189 189
208 158 155
255 6 16
255 6 16
255 6 16
255 6 16
255 6 16
255 6 16
255 6 16
255 6 16
255 6 16
255 6 16
255 6 16
255 6 16
255 6 16
239 87 82
189 188 188
189 189 189
189 189 189
189 189 189
189 189 189
189 189 189
189 189 189
189 189 189
189 189 189
189 189 189
189 189 189
189 189 189
189 189 189
189 189 189
189 189 189
189 189 189
203 165 162
255 29 30
255 6 16
255 6 16
255 6 16
255 6 16
255 6 16
255 6 16
255 6 16
255 6 16
255 6 16
255 6 16
255 6 16
255 6 16
255 6 16
255 6 16
226 121 116
189 189 189
189 189 189
189 189 189
189 189 189
189 189 189
189 189 189
189 189 189
189 189 189
189 189 189
189 189 189
189 189 189
189 189 189
189 189 189
189 189 189
189 189 189
241 86 82
255 6 16
255 6 16
255 6 16
255 6 16
255 6 16
255 6 16
255 6 16
249 60 56
255 6 16
255 6 16
255 6 16
255 6 16
255 6 16
255 6 16
255 6 16
255 29 30
189 188 188
189 189 189
189 189 189
189 189 189
189 189 189
189 189 189
189 189 189
189 189 189
189 189 189
189 189 189
189 189 189
189 189 189
189 189 189
189 189 189
200 170 169
255 6 16
255 6 16
255 6 16
255 6 16
255 6 16
255 6 16
244 72 67
197 174 173
189 189 189
196 176 176
251 49 46
255 6 16
255 6 16
255 6 16
255 6 16
255 6 16
255 6 16
201 168 167
189 189 189
189 189 189
189 189 189
189 189 189
189 189 189
189 189 189
189 189 189
189 189 189
189 189 189
189 189 189
189 189 189
189 189 189
189 189 189
212 149 146
246 64 61
255 6 16
255 6 16
255 6 16
255 6 16
255 6 16
207 157 155
189 189 189
189 189 189
189 189 189
228 118 114
255 6 16
255 6 16
255 6 16
255 6 16
255 6 16
255 6 16
212 151 147
189 189 189
189 189 189
189 189 189
189 189 189
189 189 189
189 189 189
189 189 189
189 189 189
189 189 189
189 189 189
189 189 189
189 189 189
189 189 189
189 189 189
189 189 189
191 187 187
203 167 164
215 141 138
229 115 111
235 96 90
191 187 187
189 189 189
189 189 189
189 189 189
229 111 105
255 6 16
255 6 16
255 6 16
255 6 16
255 6 16
255 6 16
203 166 163
189 189 189
189 189 189
189 189 189
189 189 189
189 189 189
189 189 189
189 189 189
189 189 189
189 189 189
189 189 189
189 189 189
189 189 189
189 189 189
189 189 189
189 189 189
189 189 189
189 189 189
189 189 189
189 189 189
189 189 189
189 189 189
189 189 189
193 182 182
220 133 129
255 6 16
255 6 16
255 6 16
255 6 16
255 6 16
255 6 16
250 53 50
191 188 188
189 189 189
189 189 189
189 189 189
189 189 189
189 189 189
189 189 189
189 189 189
189 189 189
189 189 189
189 189 189
189 189 189
189 189 189
189 189 189
189 189 189
189 189 189
189 189 189
189 189 189
189 189 189
189 189 189
189 189 189
196 179 178
247 68 63
255 6 16
255 6 16
255 6 16
255 6 16
255 6 16
255 6 16
255 6 16
255 6 16
212 151 148
189 189 189
189 189 189
189 189 189
189 189 189
189 189 189
189 189 189
189 189 189
189 189 189
189 189 189
189 189 189
189 189 189
189 189 189
189 189 189
189 189 189
189 189 189
189 189 189
189 189 189
189 189 189
189 189 189
189 189 189
189 189 189
203 167 164
255 6 16
255 6 16
255 6 16
255 6 16
255 6 16
255 6 16
255 6 16
255 29 30
215 144 141
189 189 189
189 189 189
189 189 189
189 189 189
189 189 189
189 189 189
189 189 189
189 189 189
189 189 189
189 189 189
189 189 189
189 189 189
189 189 189
189 189 189
189 189 189
189 189 189
189 189 189
189 189 189
189 189 189
189 189 189
189 189 189
189 189 189
207 156 154
255 6 16
255 6 16
255 6 16
255 6 16
255 6 16
255 6 16
255 6 16
255 6 16
225 123 119
193 184 183
189 189 189
189 189 189
189 189 189
189 189 189
189 189 189
189 189 189
189 189 189
189 189 189
189 189 189
189 189 189
189 189 189
189 189 189
189 189 189
189 189 189
189 189 189
189 189 189
189 189 189
189 189 189
189 189 189
189 189 189
189 189 189
213 147 144
255 6 16
255 6 16
255 6 16
255 6 16
255 6 16
255 6 16
255 6 16
255 6 16
255 6 16
242 79 74
191 185 185
189 189 189
189 189 189
189 189 189
189 189 189
189 189 189
189 189 189
189 189 189
189 189 189
189 189 189
189 189 189
189 189 189
189 189 189
189 189 189
189 189 189
189 189 189
189 189 189
189 189 189
189 189 189
189 189 189
189 189 189
215 142 139
255 6 16
247 68 63
251 49 46
255 6 16
255 6 16
255 6 16
255 6 16
255 6 16
255 6 16
255 6 16
238 91 86
189 189 189
189 189 189
189 189 189
189 189 189
189 189 189
189 189 189
189 189 189
189 189 189
189 189 189
189 189 189
189 189 189
189 189 189
189 189 189
189 189 189
189 189 189
189 189 189
189 189 189
189 189 189
189 189 189
189 189 189
191 188 188
191 187 187
189 189 189
189 189 189
215 141 138
255 6 16
255 6 16
255 6 16
255 6 16
255 6 16
255 6 16
255 6 16
193 182 181
189 189 189
189 189 189
189 189 189
189 189 189
189 189 189
189 189 189
189 189 189
189 189 189
189 189 189
189 189 189
189 189 189
189 189 189
189 189 189
189 189 189
189 189 189
189 189 189
189 189 189
189 189 189
189 189 189
189 189 189
189 189 189
189 189 189
189 189 189
189 189 189
235 102 96
255 6 16
255 6 16
255 6 16
255 6 16
255 6 16
255 6 16
211 152 149
189 189 189
189 189 189
189 189 189
189 189 189
189 189 189
189 189 189
189 189 189
189 189 189
189 189 189
189 189 189
189 189 189
189 189 189
189 189 189
189 189 189
189 189 189
189 189 189
191 188 187
199 173 173
208 159 156
189 189 189
189 189 189
189 189 189
189 189 189
189 189 189
218 138 133
255 6 16
255 6 16
255 6 16
255 6 16
255 6 16
255 6 16
223 127 122
189 189 189
189 189 189
189 189 189
189 189 189
189 189 189
189 189 189
189 189 189
189 189 189
189 189 189
189 189 189
189 189 189
189 189 189
218 139 135
232 105 100
241 82 76
250 53 50
255 6 16
255 6 16
255 6 16
200 170 169
189 189 189
189 189 189
189 189 189
189 189 189
220 132 128
255 6 16
255 6 16
255 6 16
255 6 16
255 6 16
255 6 16
218 139 135
189 189 189
189 189 189
189 189 189
189 189 189
189 189 189
189 189 189
189 189 189
189 189 189
189 189 189
189 189 189
189 189 189
189 189 189
229 114 110
255 6 16
255 6 16
255 6 16
255 6 16
255 6 16
255 6 16
228 118 114
189 189 189
189 189 189
189 189 189
189 189 189
242 81 76
255 6 16
255 6 16
255 6 16
255 6 16
255 6 16
255 6 16
208 159 156
189 189 189
189 189 189
189 189 189
189 189 189
189 189 189
189 189 189
189 189 189
189 189 189
189 189 189
189 189 189
189 189 189
189 189 189
195 178 178
255 29 30
255 6 16
255 6 16
255 6 16
255 6 16
255 6 16
255 6 16
222 128 123
196 177 177
191 185 185
228 113 108
255 6 16
255 6 16
255 6 16
255 6 16
255 6 16
255 6 16
251 49 46
191 188 188
189 189 189
189 189 189
189 189 189
189 189 189
189 189 189
189 189 189
189 189 189
189 189 189
189 189 189
189 189 189
189 189 189
189 189 189
189 189 189
229 115 111
255 6 16
255 6 16
255 6 16
255 6 16
255 6 16
255 6 16
255 6 16
255 6 16
255 6 16
255 6 16
255 6 16
255 6 16
255 6 16
255 6 16
255 6 16
255 6 16
222 130 126
189 189 189
189 189 189
189 189 189
189 189 189
189 189 189
189 189 189
189 189 189
189 189 189
189 189 189
189 189 189
189 189 189
189 189 189
189 189 189
189 189 189
195 178 178
249 57 52
255 6 16
255 6 16
255 6 16
255 6 16
255 6 16
255 6 16
255 6 16
255 6 16
255 6 16
255 6 16
255 6 16
255 6 16
255 6 16
255 6 16
239 87 82
189 188 188
189 189 189
189 189 189
189 189 189
189 189 189
189 189 189
189 189 189
189 189 189
189 189 189
189 189 189
189 189 189
189 189 189
189 189 189
189 189 189
189 189 189
189 189 189
192 184 183
234 103 98
255 6 16
255 6 16
255 6 16
255 6 16
255 6 16
255 6 16
255 6 16
255 6 16
255 6 16
255 6 16
255 6 16
255 6 16
237 96 91
193 183 183
189 189 189
189 189 189
189 189 189
189 189 189
189 189 189
189 189 189
189 189 189
189 189 189
189 189 189
189 189 189
189 189 189
189 189 189
189 189 189
189 189 189
189 189 189
189 189 189
189 189 189
189 189 189
215 144 142
246 69 65
255 6 16
255 6 16
255 6 16
255 6 16
255 6 16
255 6 16
255 6 16
255 6 16
239 87 82
213 147 145
189 189 189
189 189 189
189 189 189
189 189 189
189 189 189
189 189 189
189 189 189
189 189 189
189 189 189
189 189 189
189 189 189
189 189 189
189 189 189
189 189 189
189 189 189
189 189 189
189 189 189
189 189 189
189 189 189
189 189 189
189 189 189
189 189 189
193 183 183
207 157 155
213 147 145
217 140 137
217 140 137
211 152 149
205 164 161
193 183 183
189 189 189
189 189 189
189 189 189
189 189 189
189 189 189
189 189 189
189 189 189
189 189 189
189 189 189
189 189 189
189 189 189
189 189 189
189 189 189
189 189 189
189 189 189
189 189 189
189 189 189
189 189 189
189 189 189
189 189 189
189 189 189
189 189 189
189 189 189
189 189 189
189 189 189
189 189 189
189 189 189
189 189 189
189 189 189
189 189 189
189 189 189
189 189 189
189 189 189
189 189 189
189 189 189
189 189 189
189 189 189
189 189 189
189 189 189
189 189 189
189 189 189
189 189 189
189 189 189
189 189 189
189 189 189
189 189 189
189 189 189
189 189 189
189 189 189
189 189 189
189 189 189
189 189 189
189 189 189
189 189 189
189 189 189
189 189 189
189 189 189
189 189 189
189 189 189
189 189 189
189 189 189
189 189 189
189 189 189
189 189 189
189 189 189
189 189 189
189 189 189
189 189 189
189 189 189
189 189 189
189 189 189
189 189 189
189 189 189
189 189 189
189 189 189
189 189 189
189 189 189
189 189 189
189 189 189
189 189 189
189 189 189
189 189 189
189 189 189
189 189 189
189 189 189
189 189 189
189 189 189
189 189 189
189 189 189
189 189 189
189 189 189
189 189 189
189 189 189
189 189 189
189 189 189
189 189 189
189 189 189
189 189 189
189 189 189
189 189 189
189 189 189
189 189 189
189 189 189
189 189 189
189 189 189
189 189 189
189 189 189
189 189 189
2
32 32
189 189 189
189 189 189
189 189 189
189 189 189
189 189 189
189 189 189
189 189 189
189 189 189
189 189 189
189 189 189
189 189 189
189 189 189
189 189 189
189 189 189
189 189 189
189 189 189
189 189 189
189 189 189
189 189 189
189 189 189
189 189 189
189 189 189
189 189 189
189 189 189
189 189 189
189 189 189
189 189 189
189 189 189
189 189 189
189 189 189
189 189 189
189 189 189
189 189 189
189 189 189
189 189 189
189 189 189
189 189 189
189 189 189
189 189 189
189 189 189
189 189 189
189 189 189
189 189 189
189 189 189
189 189 189
189 189 189
189 189 189
189 189 189
189 189 189
189 189 189
189 189 189
189 189 189
189 189 189
189 189 189
189 189 189
189 189 189
189 189 189
189 189 189
189 189 189
189 189 189
189 189 189
189 189 189
189 189 189
189 189 189
189 189 189
189 189 189
189 189 189
189 189 189
189 189 189
189 189 189
189 189 189
189 189 189
189 189 189
189 189 189
189 189 189
189 189 189
189 189 189
189 189 189
189 189 189
189 189 189
189 189 189
189 189 189
189 189 189
189 189 189
189 189 189
189 189 189
189 189 189
189 189 189
189 189 189
189 189 189
189 189 189
189 189 189
189 189 189
189 189 189
189 189 189
189 189 189
189 189 189
189 189 189
189 189 189
189 189 189
189 189 189
189 189 189
189 189 189
189 189 189
189 189 189
189 189 189
189 189 189
189 189 189
189 189 189
189 189 189
189 189 189
189 189 189
189 189 189
189 189 189
189 189 189
189 189 189
189 189 189
189 189 189
189 189 189
189 189 189
189 189 189
189 189 189
189 189 189
189 189 189
189 189 189
189 189 189
189 189 189
189 189 189
189 189 189
189 189 189
189 189 189
189 189 189
189 189 189
189 189 189
189 189 189
189 189 189
189 189 189
189 189 189
189 189 189
173 182 172
132 166 132
112 157 111
101 152 100
89 147 88
93 150 92
103 154 103
114 157 112
142 170 141
178 184 177
189 189 189
189 189 189
189 189 189
189 189 189
189 189 189
189 189 189
189 189 189
189 189 189
189 189 189
189 189 189
189 189 189
189 189 189
189 189 189
189 189 189
189 189 189
189 189 189
189 189 189
189 189 189
189 189 189
189 189 189
177 183 176
70 140 70
0 123 23
0 123 23
0 123 23
0 123 23
0 123 23
0 123 23
0 123 23
0 123 23
0 123 23
0 123 23
75 142 76
167 180 167
189 189 189
189 189 189
189 189 189
189 189 189
189 189 189
189 189 189
189 189 189
189 189 189
189 189 189
189 189 189
189 189 189
189 189 189
189 189 189
189 189 189
189 189 189
189 189 189
189 189 189
159 176 158
33 131 43
0 123 23
0 123 23
0 123 23
0 123 23
0 123 23
0 123 23
0 123 23
0 123 23
0 123 23
0 123 23
0 123 23
0 123 23
0 123 23
148 172 146
189 189 189
189 189 189
189 189 189
189 189 189
189 189 189
189 189 189
189 189 189
189 189 189
189 189 189
189 189 189
189 189 189
189 189 189
189 189 189
189 189 189
189 189 189
155 175 154
0 123 23
0 123 23
0 123 23
0 123 23
0 123 23
0 123 23
0 123 23
0 123 23
0 123 23
0 123 23
0 123 23
0 123 23
0 123 23
0 123 23
0 123 23
0 123 23
167 180 167
189 189 189
189 189 189
189 189 189
189 189 189
189 189 189
189 189 189
189 189 189
189 189 189
189 189 189
189 189 189
189 189 189
189 189 189
189 189 189
189 189 189
73 141 74
0 123 23
0 123 23
0 123 23
0 123 23
0 123 23
0 123 23
0 123 23
0 123 23
0 123 23
0 123 23
0 123 23
0 123 23
0 123 23
0 123 23
0 123 23
0 123 23
90 148 90
189 189 189
189 189 189
189 189 189
189 189 189
189 189 189
189 189 189
189 189 189
189 189 189
189 189 189
189 189 189
189 189 189
189 189 189
189 189 189
170 181 170
0 123 23
0 123 23
0 123 23
0 123 23
0 123 23
0 123 23
0 123 23
77 144 79
143 170 141
140 168 139
71 141 73
0 123 23
0 123 23
0 123 23
0 123 23
0 123 23
0 123 23
0 123 23
187 188 187
189 189 189
189 189 189
189 189 189
189 189 189
189 189 189
189 189 189
189 189 189
189 189 189
189 189 189
189 189 189
189 189 189
189 189 189
137 167 136
0 123 23
0 123 23
0 123 23
0 123 23
0 123 23
0 123 23
71 141 73
189 189 189
189 189 189
189 189 189
183 186 183
9 127 33
0 123 23
0 123 23
0 123 23
0 123 23
0 123 23
0 123 23
170 181 169
189 189 189
189 189 189
189 189 189
189 189 189
189 189 189
189 189 189
189 189 189
189 189 189
189 189 189
189 189 189
189 189 189
189 189 189
102 153 102
0 123 23
0 123 23
0 123 23
0 123 23
0 123 23
0 123 23
137 167 136
189 189 189
189 189 189
189 189 189
189 189 189
82 145 82
0 123 23
0 123 23
0 123 23
0 123 23
0 123 23
0 123 23
163 177 161
189 189 189
189 189 189
189 189 189
189 189 189
189 189 189
189 189 189
189 189 189
189 189 189
189 189 189
189 189 189
189 189 189
189 189 189
186 187 186
174 182 174
164 178 162
152 174 151
140 168 138
127 163 126
114 157 112
177 183 176
189 189 189
189 189 189
189 189 189
183 186 183
9 127 33
0 123 23
0 123 23
0 123 23
0 123 23
0 123 23
0 123 23
183 187 183
189 189 189
189 189 189
189 189 189
189 189 189
189 189 189
189 189 189
189 189 189
189 189 189
189 189 189
189 189 189
189 189 189
189 189 189
189 189 189
189 189 189
189 189 189
189 189 189
189 189 189
189 189 189
189 189 189
189 189 189
189 189 189
189 189 189
189 189 189
111 156 110
0 123 23
0 123 23
0 123 23
0 123 23
0 123 23
0 123 23
46 134 53
189 189 189
189 189 189
189 189 189
189 189 189
189 189 189
189 189 189
189 189 189
189 189 189
189 189 189
189 189 189
189 189 189
189 189 189
189 189 189
189 189 189
189 189 189
189 189 189
189 189 189
189 189 189
189 189 189
189 189 189
189 189 189
189 189 189
189 189 189
117 159 116
0 123 23
0 123 23
0 123 23
0 123 23
0 123 23
0 123 23
0 123 23
131 165 130
189 189 189
189 189 189
189 189 189
189 189 189
189 189 189
189 189 189
189 189 189
189 189 189
189 189 189
189 189 189
189 189 189
189 189 189
189 189 189
189 189 189
189 189 189
189 189 189
189 189 189
189 189 189
189 189 189
189 189 189
189 189 189
183 186 183
89 147 88
0 123 23
0 123 23
0 123 23
0 123 23
0 123 23
0 123 23
0 123 23
55 136 59
185 188 186
189 189 189
189 189 189
189 189 189
189 189 189
189 189 189
189 189 189
189 189 189
189 189 189
189 189 189
189 189 189
189 189 189
189 189 189
189 189 189
189 189 189
189 189 189
189 189 189
189 189 189
189 189 189
189 189 189
189 189 189
172 181 172
55 136 59
0 123 23
0 123 23
0 123 23
0 123 23
0 123 23
0 123 23
0 123 23
23 129 39
173 182 173
189 189 189
189 189 189
189 189 189
189 189 189
189 189 189
189 189 189
189 189 189
189 189 189
189 189 189
189 189 189
189 189 189
189 189 189
189 189 189
189 189 189
189 189 189
189 189 189
189 189 189
189 189 189
189 189 189
189 189 189
155 175 153
23 129 39
0 123 23
0 123 23
0 123 23
0 123 23
0 123 23
0 123 23
0 123 23
33 131 43
164 178 162
189 189 189
189 189 189
189 189 189
189 189 189
189 189 189
189 189 189
189 189 189
189 189 189
189 189 189
189 189 189
189 189 189
189 189 189
189 189 189
189 189 189
189 189 189
189 189 189
189 189 189
189 189 189
189 189 189
189 189 189
131 165 131
0 123 23
0 123 23
0 123 23
0 123 23
0 123 23
0 123 23
0 123 23
0 123 23
66 140 69
177 183 177
189 189 189
189 189 189
189 189 189
189 189 189
189 189 189
189 189 189
189 189 189
189 189 189
189 189 189
189 189 189
189 189 189
189 189 189
189 189 189
189 189 189
189 189 189
189 189 189
189 189 189
189 189 189
189 189 189
189 189 189
105 154 104
0 123 23
0 123 23
0 123 23
0 123 23
0 123 23
0 123 23
0 123 23
0 123 23
103 154 103
187 188 187
189 189 189
189 189 189
189 189 189
189 189 189
189 189 189
189 189 189
189 189 189
189 189 189
189 189 189
189 189 189
189 189 189
189 189 189
189 189 189
189 189 189
189 189 189
189 189 189
189 189 189
189 189 189
189 189 189
189 189 189
115 158 113
0 123 23
0 123 23
0 123 23
0 123 23
0 123 23
0 123 23
0 123 23
23 129 39
148 172 146
189 189 189
189 189 189
189 189 189
189 189 189
189 189 189
189 189 189
189 189 189
189 189 189
189 189 189
189 189 189
189 189 189
189 189 189
189 189 189
189 189 189
189 189 189
189 189 189
189 189 189
189 189 189
189 189 189
189 189 189
189 189 189
134 166 132
0 123 23
0 123 23
0 123 23
0 123 23
0 123 23
0 123 23
0 123 23
62 138 65
177 183 176
189 189 189
189 189 189
189 189 189
189 189 189
189 189 189
189 189 189
189 189 189
189 189 189
189 189 189
189 189 189
189 189 189
189 189 189
189 189 189
189 189 189
189 189 189
189 189 189
189 189 189
189 189 189
189 189 189
189 189 189
189 189 189
162 177 161
0 123 23
0 123 23
0 123 23
0 123 23
0 123 23
0 123 23
0 123 23
0 123 23
97 151 97
106 155 105
106 155 105
106 155 105
106 155 105
106 155 105
106 155 105
106 155 105
106 155 105
162 177 161
189 189 189
189 189 189
189 189 189
189 189 189
189 189 189
189 189 189
189 189 189
189 189 189
189 189 189
189 189 189
189 189 189
189 189 189
189 189 189
77 144 78
0 123 23
0 123 23
0 123 23
0 123 23
0 123 23
0 123 23
0 123 23
0 123 23
0 123 23
0 123 23
0 123 23
0 123 23
0 123 23
0 123 23
0 123 23
0 123 23
0 123 23
136 167 135
189 189 189
189 189 189
189 189 189
189 189 189
189 189 189
189 189 189
189 189 189
189 189 189
189 189 189
189 189 189
189 189 189
189 189 189
157 175 156
0 123 23
0 123 23
0 123 23
0 123 23
0 123 23
0 123 23
0 123 23
0 123 23
0 123 23
0 123 23
0 123 23
0 123 23
0 123 23
0 123 23
0 123 23
0 123 23
0 123 23
0 123 23
136 167 135
189 189 189
189 189 189
189 189 189
189 189 189
189 189 189
189 189 189
189 189 189
189 189 189
189 189 189
189 189 189
189 189 189
189 189 189
104 153 102
0 123 23
0 123 23
0 123 23
0 123 23
0 123 23
0 123 23
0 123 23
0 123 23
0 123 23
0 123 23
0 123 23
0 123 23
0 123 23
0 123 23
0 123 23
0 123 23
0 123 23
0 123 23
136 167 135
189 189 189
189 189 189
189 189 189
189 189 189
189 189 189
189 189 189
189 189 189
189 189 189
189 189 189
189 189 189
189 189 189
189 189 189
55 136 59
0 123 23
0 123 23
0 123 23
0 123 23
0 123 23
0 123 23
0 123 23
0 123 23
0 123 23
0 123 23
0 123 23
0 123 23
0 123 23
0 123 23
0 123 23
0 123 23
0 123 23
0 123 23
136 167 135
189 189 189
189 189 189
189 189 189
189 189 189
189 189 189
189 189 189
189 189 189
189 189 189
189 189 189
189 189 189
189 189 189
186 187 186
0 123 23
0 123 23
0 123 23
0 123 23
0 123 23
0 123 23
0 123 23
0 123 23
0 123 23
0 123 23
0 123 23
0 123 23
0 123 23
0 123 23
0 123 23
0 123 23
0 123 23
0 123 23
0 123 23
137 167 136
189 189 189
189 189 189
189 189 189
189 189 189
189 189 189
189 189 189
189 189 189
189 189 189
189 189 189
189 189 189
189 189 189
189 189 189
189 189 189
189 189 189
189 189 189
189 189 189
189 189 189
189 189 189
189 189 189
189 189 189
189 189 189
189 189 189
189 189 189
189 189 189
189 189 189
189 189 189
189 189 189
189 189 189
189 189 189
189 189 189
189 189 189
189 189 189
189 189 189
189 189 189
189 189 189
189 189 189
189 189 189
189 189 189
189 189 189
189 189 189
189 189 189
189 189 189
189 189 189
189 189 189
189 189 189
189 189 189
189 189 189
189 189 189
189 189 189
189 189 189
189 189 189
189 189 189
189 189 189
189 189 189
189 189 189
189 189 189
189 189 189
189 189 189
189 189 189
189 189 189
189 189 189
189 189 189
189 189 189
189 189 189
189 189 189
189 189 189
189 189 189
189 189 189
189 189 189
189 189 189
189 189 189
189 189 189
189 189 189
189 189 189
189 189 189
189 189 189
189 189 189
189 189 189
189 189 189
189 189 189
189 189 189
189 189 189
189 189 189
189 189 189
189 189 189
189 189 189
189 189 189
189 189 189
189 189 189
189 189 189
189 189 189
189 189 189
189 189 189
189 189 189
189 189 189
189 189 189
189 189 189
189 189 189
189 189 189
189 189 189
189 189 189
189 189 189
189 189 189
189 189 189
189 189 189
189 189 189
189 189 189
189 189 189
189 189 189
189 189 189
189 189 189
189 189 189
189 189 189
189 189 189
189 189 189
189 189 189
189 189 189
189 189 189
189 189 189
189 189 189
189 189 189
189 189 189
189 189 189
189 189 189
189 189 189
189 189 189
189 189 189
189 189 189
189 189 189
189 189 189
189 189 189
189 189 189
189 189 189
189 189 189
*
32 32
255 6 16
255 6 16
255 6 16
255 6 16
255 6 16
255 6 16
255 6 16
255 6 16
255 6 16
255 6 16
255 6 16
255 6 16
255 6 16
255 6 16
227 10 16
0 0 0
0 0 0
0 0 0
0 0 0
227 10 16
255 6 16
255 6 16
255 6 16
255 6 16
255 6 16
255 6 16
255 6 16
255 6 16
255 6 16
255 6 16
255 6 16
255 6 16
255 6 16
255 6 16
255 6 16
255 6 16
227 10 16
255 6 16
255 6 16
255 6 16
255 6 16
255 6 16
255 6 16
255 6 16
255 6 16
255 6 16
194 10 14
0 0 0
0 0 0
0 0 0
0 0 0
145 12 12
255 6 16
255 6 16
255 6 16
255 6 16
255 6 16
255 6 16
255 6 16
255 6 16
255 6 16
227 10 16
255 6 16
255 6 16
255 6 16
255 6 16
210 9 14
17 2 2
0 0 0
66 8 7
242 9 16
255 6 16
255 6 16
255 6 16
255 6 16
255 6 16
255 6 16
255 6 16
187 11 13
0 0 0
0 0 0
0 0 0
0 0 0
126 10 11
255 6 16
255 6 16
255 6 16
255 6 16
255 6 16
255 6 16
255 6 16
242 9 16
66 8 7
0 0 0
17 2 2
210 9 14
255 6 16
255 6 16
66 8 7
0 0 0
0 0 0
0 0 0
49 7 6
242 9 16
255 6 16
255 6 16
255 6 16
215 9 15
124 10 11
52 7 6
0 0 0
0 0 0
0 0 0
0 0 0
0 0 0
0 0 0
52 7 6
124 10 11
215 9 15
255 6 16
255 6 16
255 6 16
242 9 16
49 7 6
0 0 0
0 0 0
0 0 0
66 8 7
255 6 16
242 9 16
0 0 0
0 0 0
0 0 0
0 0 0
0 0 0
49 7 6
242 9 16
215 9 15
88 9 9
0 0 0
0 0 0
0 0 0
0 0 0
25 25 25
33 33 33
17 17 17
0 0 0
0 0 0
0 0 0
0 0 0
0 0 0
88 9 9
215 9 15
242 9 16
49 7 6
0 0 0
0 0 0
0 0 0
0 0 0
0 0 0
255 6 16
255 6 16
97 10 9
0 0 0
0 0 0
0 0 0
0 0 0
0 0 0
27 4 4
0 0 0
0 0 0
8 8 8
57 57 57
99 99 99
132 132 132
132 132 132
132 132 132
132 132 132
8 8 8
0 0 0
0 0 0
0 0 0
0 0 0
0 0 0
0 0 0
27 4 4
0 0 0
0 0 0
0 0 0
0 0 0
0 0 0
97 10 9
255 6 16
255 6 16
242 9 16
48 6 5
0 0 0
0 0 0
0 0 0
0 0 0
0 0 0
0 0 0
50 50 50
124 124 124
132 132 132
132 132 132
132 132 132
132 132 132
132 132 132
124 124 124
0 0 0
0 0 0
0 0 0
0 0 0
0 0 0
0 0 0
0 0 0
0 0 0
0 0 0
0 0 0
0 0 0
0 0 0
48 6 5
242 9 16
255 6 16
255 6 16
255 6 16
242 9 16
48 6 5
0 0 0
0 0 0
0 0 0
8 8 8
82 82 82
132 132 132
132 132 132
132 132 132
99 99 99
75 75 75
50 50 50
25 25 25
0 0 0
0 0 0
0 0 0
0 0 0
0 0 0
0 0 0
0 0 0
0 0 0
0 0 0
0 0 0
0 0 0
0 0 0
48 6 5
242 9 16
255 6 16
255 6 16
255 6 16
255 6 16
255 6 16
242 9 16
27 4 4
0 0 0
8 8 8
107 107 107
132 132 132
132 132 132
124 124 124
41 41 41
0 0 0
0 0 0
0 0 0
0 0 0
0 0 0
0 0 0
0 0 0
0 0 0
0 0 0
0 0 0
0 0 0
0 0 0
0 0 0
0 0 0
0 0 0
27 4 4
242 9 16
255 6 16
255 6 16
255 6 16
255 6 16
255 6 16
255 6 16
215 9 15
0 0 0
0 0 0
83 83 83
132 132 132
132 132 132
91 91 91
8 8 8
0 0 0
0 0 0
0 0 0
0 0 0
0 0 0
0 0 0
0 0 0
0 0 0
0 0 0
0 0 0
0 0 0
0 0 0
0 0 0
0 0 0
0 0 0
0 0 0
0 0 0
215 9 15
255 6 16
255 6 16
255 6 16
255 6 16
255 6 16
255 6 16
88 9 9
0 0 0
50 50 50
132 132 132
132 132 132
91 91 91
0 0 0
0 0 0
0 0 0
0 0 0
0 0 0
0 0 0
0 0 0
0 0 0
0 0 0
0 0 0
0 0 0
0 0 0
0 0 0
0 0 0
0 0 0
0 0 0
0 0 0
0 0 0
0 0 0
88 9 9
255 6 16
255 6 16
255 6 16
255 6 16
255 6 16
215 9 15
0 0 0
8 8 8
124 124 124
132 132 132
124 124 124
8 8 8
0 0 0
0 0 0
0 0 0
0 0 0
0 0 0
0 0 0
0 0 0
0 0 0
0 0 0
0 0 0
0 0 0
0 0 0
0 0 0
0 0 0
0 0 0
0 0 0
0 0 0
0 0 0
0 0 0
0 0 0
215 9 15
255 6 16
255 6 16
255 6 16
255 6 16
124 10 11
0 0 0
58 58 58
132 132 132
132 132 132
41 41 41
0 0 0
0 0 0
0 0 0
0 0 0
0 0 0
0 0 0
0 0 0
0 0 0
0 0 0
0 0 0
0 0 0
0 0 0
0 0 0
0 0 0
0 0 0
0 0 0
0 0 0
0 0 0
0 0 0
0 0 0
0 0 0
124 10 11
255 6 16
255 6 16
255 6 16
255 6 16
52 7 6
0 0 0
99 99 99
132 132 132
99 99 99
0 0 0
0 0 0
0 0 0
0 0 0
0 0 0
0 0 0
0 0 0
0 0 0
0 0 0
0 0 0
0 0 0
0 0 0
0 0 0
0 0 0
0 0 0
0 0 0
0 0 0
0 0 0
0 0 0
0 0 0
0 0 0
0 0 0
52 7 6
255 6 16
227 10 16
195 10 14
188 11 15
0 0 0
0 0 0
132 132 132
132 132 132
75 75 75
0 0 0
0 0 0
0 0 0
0 0 0
0 0 0
0 0 0
0 0 0
0 0 0
0 0 0
0 0 0
0 0 0
0 0 0
0 0 0
0 0 0
0 0 0
0 0 0
0 0 0
0 0 0
0 0 0
0 0 0
0 0 0
0 0 0
0 0 0
188 11 15
0 0 0
0 0 0
0 0 0
0 0 0
25 25 25
132 132 132
132 132 132
50 50 50
0 0 0
0 0 0
0 0 0
0 0 0
0 0 0
0 0 0
0 0 0
0 0 0
0 0 0
0 0 0
0 0 0
0 0 0
0 0 0
0 0 0
0 0 0
0 0 0
0 0 0
0 0 0
0 0 0
0 0 0
0 0 0
0 0 0
0 0 0
0 0 0
0 0 0
0 0 0
0 0 0
0 0 0
33 33 33
132 132 132
132 132 132
25 25 25
0 0 0
0 0 0
0 0 0
0 0 0
0 0 0
0 0 0
0 0 0
0 0 0
0 0 0
0 0 0
0 0 0
0 0 0
0 0 0
0 0 0
0 0 0
0 0 0
0 0 0
0 0 0
0 0 0
0 0 0
0 0 0
0 0 0
0 0 0
0 0 0
0 0 0
0 0 0
0 0 0
0 0 0
17 17 17
132 132 132
124 124 124
0 0 0
0 0 0
0 0 0
0 0 0
0 0 0
0 0 0
0 0 0
0 0 0
0 0 0
0 0 0
0 0 0
0 0 0
0 0 0
0 0 0
0 0 0
0 0 0
0 0 0
0 0 0
0 0 0
0 0 0
0 0 0
0 0 0
0 0 0
0 0 0
0 0 0
0 0 0
0 0 0
0 0 0
0 0 0
0 0 0
8 8 8
0 0 0
0 0 0
0 0 0
0 0 0
0 0 0
0 0 0
0 0 0
0 0 0
0 0 0
0 0 0
0 0 0
0 0 0
0 0 0
0 0 0
0 0 0
0 0 0
0 0 0
0 0 0
0 0 0
0 0 0
0 0 0
0 0 0
0 0 0
0 0 0
0 0 0
0 0 0
227 10 16
145 12 12
126 10 11
0 0 0
0 0 0
0 0 0
0 0 0
0 0 0
0 0 0
0 0 0
0 0 0
0 0 0
0 0 0
0 0 0
0 0 0
0 0 0
0 0 0
0 0 0
0 0 0
0 0 0
0 0 0
0 0 0
0 0 0
0 0 0
0 0 0
0 0 0
0 0 0
0 0 0
0 0 0
0 0 0
0 0 0
126 10 11
255 6 16
255 6 16
255 6 16
52 7 6
0 0 0
0 0 0
0 0 0
0 0 0
0 0 0
0 0 0
0 0 0
0 0 0
0 0 0
0 0 0
0 0 0
0 0 0
0 0 0
0 0 0
0 0 0
0 0 0
0 0 0
0 0 0
0 0 0
0 0 0
0 0 0
0 0 0
0 0 0
0 0 0
0 0 0
0 0 0
52 7 6
255 6 16
255 6 16
255 6 16
255 6 16
124 10 11
0 0 0
0 0 0
0 0 0
0 0 0
0 0 0
0 0 0
0 0 0
0 0 0
0 0 0
0 0 0
0 0 0
0 0 0
0 0 0
0 0 0
0 0 0
0 0 0
0 0 0
0 0 0
0 0 0
0 0 0
0 0 0
0 0 0
0 0 0
0 0 0
0 0 0
0 0 0
124 10 11
255 6 16
255 6 16
255 6 16
255 6 16
215 9 15
0 0 0
0 0 0
0 0 0
0 0 0
0 0 0
0 0 0
0 0 0
0 0 0
0 0 0
0 0 0
0 0 0
0 0 0
0 0 0
0 0 0
0 0 0
0 0 0
0 0 0
0 0 0
0 0 0
0 0 0
0 0 0
0 0 0
0 0 0
0 0 0
0 0 0
0 0 0
215 9 15
255 6 16
255 6 16
255 6 16
255 6 16
255 6 16
88 9 9
0 0 0
0 0 0
0 0 0
0 0 0
0 0 0
0 0 0
0 0 0
0 0 0
0 0 0
0 0 0
0 0 0
0 0 0
0 0 0
0 0 0
0 0 0
0 0 0
0 0 0
0 0 0
0 0 0
0 0 0
0 0 0
0 0 0
0 0 0
0 0 0
88 9 9
255 6 16
255 6 16
255 6 16
255 6 16
255 6 16
255 6 16
215 9 15
0 0 0
0 0 0
0 0 0
0 0 0
0 0 0
0 0 0
0 0 0
0 0 0
0 0 0
0 0 0
0 0 0
0 0 0
0 0 0
0 0 0
0 0 0
0 0 0
0 0 0
0 0 0
0 0 0
0 0 0
0 0 0
0 0 0
0 0 0
0 0 0
215 9 15
255 6 16
255 6 16
255 6 16
255 6 16
255 6 16
255 6 16
242 9 16
27 4 4
0 0 0
0 0 0
0 0 0
0 0 0
0 0 0
0 0 0
0 0 0
0 0 0
0 0 0
0 0 0
0 0 0
0 0 0
0 0 0
0 0 0
0 0 0
0 0 0
0 0 0
0 0 0
0 0 0
0 0 0
0 0 0
0 0 0
27 4 4
242 9 16
255 6 16
255 6 16
255 6 16
255 6 16
255 6 16
242 9 16
49 7 6
0 0 0
0 0 0
0 0 0
0 0 0
0 0 0
0 0 0
0 0 0
0 0 0
0 0 0
0 0 0
0 0 0
0 0 0
0 0 0
0 0 0
0 0 0
0 0 0
0 0 0
0 0 0
0 0 0
0 0 0
0 0 0
0 0 0
0 0 0
0 0 0
49 7 6
242 9 16
255 6 16
255 6 16
255 6 16
242 9 16
49 7 6
0 0 0
0 0 0
0 0 0
0 0 0
0 0 0
0 0 0
0 0 0
0 0 0
0 0 0
0 0 0
0 0 0
0 0 0
0 0 0
0 0 0
0 0 0
0 0 0
0 0 0
0 0 0
0 0 0
0 0 0
0 0 0
0 0 0
0 0 0
0 0 0
0 0 0
0 0 0
49 7 6
242 9 16
255 6 16
255 6 16
97 10 9
0 0 0
0 0 0
0 0 0
0 0 0
0 0 0
27 4 4
0 0 0
0 0 0
0 0 0
0 0 0
0 0 0
0 0 0
0 0 0
0 0 0
0 0 0
0 0 0
0 0 0
0 0 0
0 0 0
0 0 0
0 0 0
0 0 0
27 4 4
0 0 0
0 0 0
0 0 0
0 0 0
0 0 0
97 10 9
255 6 16
242 9 16
0 0 0
0 0 0
0 0 0
0 0 0
0 0 0
48 6 5
242 9 16
215 9 15
88 9 9
0 0 0
0 0 0
0 0 0
0 0 0
0 0 0
0 0 0
0 0 0
0 0 0
0 0 0
0 0 0
0 0 0
0 0 0
88 9 9
215 9 15
242 9 16
48 6 5
0 0 0
0 0 0
0 0 0
0 0 0
0 0 0
255 6 16
255 6 16
65 8 7
0 0 0
0 0 0
0 0 0
48 6 5
242 9 16
255 6 16
255 6 16
255 6 16
215 9 15
124 10 11
52 7 6
0 0 0
0 0 0
0 0 0
0 0 0
0 0 0
0 0 0
52 7 6
124 10 11
215 9 15
255 6 16
255 6 16
255 6 16
242 9 16
48 6 5
0 0 0
0 0 0
0 0 0
65 8 7
255 6 16
255 6 16
210 9 14
16 3 2
0 0 0
65 8 7
242 9 16
255 6 16
255 6 16
255 6 16
255 6 16
255 6 16
255 6 16
255 6 16
187 11 13
0 0 0
0 0 0
0 0 0
0 0 0
126 10 11
255 6 16
255 6 16
255 6 16
255 6 16
255 6 16
255 6 16
255 6 16
242 9 16
65 8 7
0 0 0
16 3 2
210 9 14
5
32 32
189 189 189
189 189 189
189 189 189
189 189 189
189 189 189
189 189 189
189 189 189
189 189 189
189 189 189
189 189 189
189 189 189
189 189 189
189 189 189
189 189 189
189 189 189
189 189 189
189 189 189
189 189 189
189 189 189
189 189 189
189 189 189
189 189 189
189 189 189
189 189 189
189 189 189
189 189 189
189 189 189
189 189 189
189 189 189
189 189 189
189 189 189
189 189 189
189 189 189
189 189 189
189 189 189
189 189 189
189 189 189
189 189 189
189 189 189
189 189 189
189 189 189
189 189 189
189 189 189
189 189 189
189 189 189
189 189 189
189 189 189
189 189 189
189 189 189
189 189 189
189 189 189
189 189 189
189 189 189
189 189 189
189 189 189
189 189 189
189 189 189
189 189 189
189 189 189
189 189 189
189 189 189
189 189 189
189 189 189
189 189 189
189 189 189
189 189 189
189 189 189
189 189 189
189 189 189
189 189 189
189 189 189
189 189 189
189 189 189
189 189 189
189 189 189
189 189 189
189 189 189
189 189 189
189 189 189
189 189 189
189 189 189
189 189 189
189 189 189
189 189 189
189 189 189
189 189 189
189 189 189
189 189 189
189 189 189
189 189 189
189 189 189
189 189 189
189 189 189
189 189 189
189 189 189
189 189 189
189 189 189
189 189 189
189 189 189
189 189 189
189 189 189
189 189 189
189 189 189
189 189 189
189 189 189
189 189 189
189 189 189
189 189 189
189 189 189
189 189 189
189 189 189
189 189 189
189 189 189
189 189 189
189 189 189
189 189 189
189 189 189
189 189 189
189 189 189
189 189 189
189 189 189
189 189 189
189 189 189
189 189 189
189 189 189
189 189 189
189 189 189
189 189 189
189 189 189
189 189 189
189 189 189
189 189 189
189 189 189
189 189 189
189 189 189
189 189 189
189 186 186
176 146 145
176 146 145
176 146 145
176 146 145
176 146 145
176 146 145
176 146 145
176 146 145
176 146 145
176 146 145
176 146 145
176 146 145
176 146 145
176 146 145
176 146 145
184 174 173
189 189 189
189 189 189
189 189 189
189 189 189
189 189 189
189 189 189
189 189 189
189 189 189
189 189 189
189 189 189
189 189 189
189 189 189
189 189 189
189 189 189
189 189 189
181 162 162
125 1 4
125 1 4
125 1 4
125 1 4
125 1 4
125 1 4
125 1 4
125 1 4
125 1 4
125 1 4
125 1 4
125 1 4
125 1 4
125 1 4
125 1 4
166 119 116
189 189 189
189 189 189
189 189 189
189 189 189
189 189 189
189 189 189
189 189 189
189 189 189
189 189 189
189 189 189
189 189 189
189 189 189
189 189 189
189 189 189
189 189 189
172 136 133
125 1 4
125 1 4
125 1 4
125 1 4
125 1 4
125 1 4
125 1 4
125 1 4
125 1 4
125 1 4
125 1 4
125 1 4
125 1 4
125 1 4
125 1 4
166 119 116
189 189 189
189 189 189
189 189 189
189 189 189
189 189 189
189 189 189
189 189 189
189 189 189
189 189 189
189 189 189
189 189 189
189 189 189
189 189 189
189 189 189
189 189 189
162 108 105
125 1 4
125 1 4
125 1 4
125 1 4
125 1 4
125 1 4
125 1 4
125 1 4
125 1 4
125 1 4
125 1 4
125 1 4
125 1 4
125 1 4
125 1 4
166 119 116
189 189 189
189 189 189
189 189 189
189 189 189
189 189 189
189 189 189
189 189 189
189 189 189
189 189 189
189 189 189
189 189 189
189 189 189
189 189 189
189 189 189
189 189 189
151 79 76
125 1 4
125 1 4
125 1 4
125 1 4
125 1 4
125 1 4
125 1 4
125 1 4
125 1 4
125 1 4
125 1 4
125 1 4
125 1 4
125 1 4
125 1 4
166 119 116
189 189 189
189 189 189
189 189 189
189 189 189
189 189 189
189 189 189
189 189 189
189 189 189
189 189 189
189 189 189
189 189 189
189 189 189
189 189 189
189 189 189
189 189 189
139 46 43
125 1 4
125 1 4
125 1 4
125 1 4
125 1 4
125 1 4
125 1 4
125 1 4
125 1 4
125 1 4
125 1 4
125 1 4
125 1 4
125 1 4
125 1 4
166 119 116
189 189 189
189 189 189
189 189 189
189 189 189
189 189 189
189 189 189
189 189 189
189 189 189
189 189 189
189 189 189
189 189 189
189 189 189
189 189 189
189 189 189
189 186 186
125 1 4
125 1 4
125 1 4
125 1 4
125 1 4
125 1 4
176 145 144
181 162 162
181 162 162
181 162 162
181 162 162
181 162 162
181 162 162
181 162 162
181 162 162
181 162 162
186 181 181
189 189 189
189 189 189
189 189 189
189 189 189
189 189 189
189 189 189
189 189 189
189 189 189
189 189 189
189 189 189
189 189 189
189 189 189
189 189 189
189 189 189
181 165 165
125 1 4
125 1 4
125 1 4
125 1 4
125 1 4
125 1 4
188 187 187
189 189 189
189 189 189
189 189 189
189 189 189
189 189 189
189 189 189
189 189 189
189 189 189
189 189 189
189 189 189
189 189 189
189 189 189
189 189 189
189 189 189
189 189 189
189 189 189
189 189 189
189 189 189
189 189 189
189 189 189
189 189 189
189 189 189
189 189 189
189 189 189
173 139 137
125 1 4
125 1 4
125 1 4
125 1 4
125 1 4
138 44 40
180 158 158
161 106 103
153 82 79
146 62 59
153 82 79
164 111 109
174 140 138
189 185 185
189 189 189
189 189 189
189 189 189
189 189 189
189 189 189
189 189 189
189 189 189
189 189 189
189 189 189
189 189 189
189 189 189
189 189 189
189 189 189
189 189 189
189 189 189
189 189 189
189 189 189
164 111 109
125 1 4
125 1 4
125 1 4
125 1 4
125 1 4
125 1 4
125 1 4
125 1 4
125 1 4
125 1 4
125 1 4
125 1 4
125 1 4
138 40 37
177 150 149
189 189 189
189 189 189
189 189 189
189 189 189
189 189 189
189 189 189
189 189 189
189 189 189
189 189 189
189 189 189
189 189 189
189 189 189
189 189 189
189 189 189
189 189 189
189 189 189
153 82 79
125 1 4
125 1 4
125 1 4
125 1 4
125 1 4
125 1 4
125 1 4
125 1 4
125 1 4
125 1 4
125 1 4
125 1 4
125 1 4
125 1 4
125 1 4
164 112 110
189 189 189
189 189 189
189 189 189
189 189 189
189 189 189
189 189 189
189 189 189
189 189 189
189 189 189
189 189 189
189 189 189
189 189 189
189 189 189
189 189 189
189 189 189
140 48 45
125 1 4
125 1 4
125 1 4
125 1 4
125 1 4
125 1 4
125 1 4
125 1 4
125 1 4
125 1 4
125 1 4
125 1 4
125 1 4
125 1 4
125 1 4
125 1 4
179 156 155
189 189 189
189 189 189
189 189 189
189 189 189
189 189 189
189 189 189
189 189 189
189 189 189
189 189 189
189 189 189
189 189 189
189 189 189
189 189 189
189 188 188
125 1 4
125 1 4
125 1 4
125 1 4
125 1 4
125 1 4
125 1 4
131 23 22
151 76 73
147 66 63
125 1 4
125 1 4
125 1 4
125 1 4
125 1 4
125 1 4
125 1 4
138 40 37
189 188 188
189 189 189
189 189 189
189 189 189
189 189 189
189 189 189
189 189 189
189 189 189
189 189 189
189 189 189
189 189 189
189 189 189
189 189 189
188 185 185
164 111 108
154 85 83
143 56 53
131 23 22
125 1 4
125 1 4
160 102 99
189 188 188
189 189 189
189 189 189
176 149 149
125 1 4
125 1 4
125 1 4
125 1 4
125 1 4
125 1 4
125 1 4
182 166 165
189 189 189
189 189 189
189 189 189
189 189 189
189 189 189
189 189 189
189 189 189
189 189 189
189 189 189
189 189 189
189 189 189
189 189 189
189 189 189
189 189 189
189 189 189
189 189 189
189 189 189
186 180 180
182 166 165
189 189 189
189 189 189
189 189 189
189 189 189
189 189 189
157 90 87
125 1 4
125 1 4
125 1 4
125 1 4
125 1 4
125 1 4
173 137 134
189 189 189
189 189 189
189 189 189
189 189 189
189 189 189
189 189 189
189 189 189
189 189 189
189 189 189
189 189 189
189 189 189
189 189 189
189 189 189
189 189 189
189 189 189
189 189 189
189 189 189
189 189 189
189 189 189
189 189 189
189 189 189
189 189 189
189 189 189
189 189 189
170 130 128
125 1 4
125 1 4
125 1 4
125 1 4
125 1 4
125 1 4
162 108 105
189 189 189
189 189 189
189 189 189
189 189 189
189 189 189
189 189 189
189 189 189
189 189 189
189 189 189
189 189 189
189 189 189
189 189 189
189 189 189
189 189 189
189 189 189
189 189 189
189 189 189
189 189 189
188 188 188
189 189 189
189 189 189
189 189 189
189 189 189
189 189 189
174 140 138
125 1 4
125 1 4
125 1 4
125 1 4
125 1 4
125 1 4
166 116 114
189 189 189
189 189 189
189 189 189
189 189 189
189 189 189
189 189 189
189 189 189
189 189 189
189 189 189
189 189 189
189 189 189
189 189 189
173 139 137
166 116 114
158 95 93
150 75 72
142 54 50
134 29 27
125 1 4
181 164 164
189 189 189
189 189 189
189 189 189
189 189 189
167 121 119
125 1 4
125 1 4
125 1 4
125 1 4
125 1 4
125 1 4
172 138 135
189 189 189
189 189 189
189 189 189
189 189 189
189 189 189
189 189 189
189 189 189
189 189 189
189 189 189
189 189 189
189 189 189
189 189 189
150 72 68
125 1 4
125 1 4
125 1 4
125 1 4
125 1 4
125 1 4
155 86 83
189 189 189
189 189 189
189 189 189
189 189 189
142 54 51
125 1 4
125 1 4
125 1 4
125 1 4
125 1 4
125 1 4
184 173 172
189 189 189
189 189 189
189 189 189
189 189 189
189 189 189
189 189 189
189 189 189
189 189 189
189 189 189
189 189 189
189 189 189
189 189 189
176 148 148
125 1 4
125 1 4
125 1 4
125 1 4
125 1 4
125 1 4
125 1 4
172 134 131
188 188 188
187 183 182
158 95 93
125 1 4
125 1 4
125 1 4
125 1 4
125 1 4
125 1 4
150 72 68
189 189 189
189 189 189
189 189 189
189 189 189
189 189 189
189 189 189
189 189 189
189 189 189
189 189 189
189 189 189
189 189 189
189 189 189
189 189 189
189 189 189
140 48 45
125 1 4
125 1 4
125 1 4
125 1 4
125 1 4
125 1 4
125 1 4
125 1 4
125 1 4
125 1 4
125 1 4
125 1 4
125 1 4
125 1 4
125 1 4
125 1 4
179 156 155
189 189 189
189 189 189
189 189 189
189 189 189
189 189 189
189 189 189
189 189 189
189 189 189
189 189 189
189 189 189
189 189 189
189 189 189
189 189 189
189 189 189
183 172 171
135 33 32
125 1 4
125 1 4
125 1 4
125 1 4
125 1 4
125 1 4
125 1 4
125 1 4
125 1 4
125 1 4
125 1 4
125 1 4
125 1 4
125 1 4
166 116 114
189 189 189
189 189 189
189 189 189
189 189 189
189 189 189
189 189 189
189 189 189
189 189 189
189 189 189
189 189 189
189 189 189
189 189 189
189 189 189
189 189 189
189 189 189
189 189 189
182 166 166
138 40 37
125 1 4
125 1 4
125 1 4
125 1 4
125 1 4
125 1 4
125 1 4
125 1 4
125 1 4
125 1 4
125 1 4
125 1 4
166 120 117
189 189 189
189 189 189
189 189 189
189 189 189
189 189 189
189 189 189
189 189 189
189 189 189
189 189 189
189 189 189
189 189 189
189 189 189
189 189 189
189 189 189
189 189 189
189 189 189
189 189 189
189 189 189
189 188 188
172 138 135
142 54 50
125 1 4
125 1 4
125 1 4
125 1 4
125 1 4
125 1 4
125 1 4
129 16 14
156 92 89
181 161 161
189 189 189
189 189 189
189 189 189
189 189 189
189 189 189
189 189 189
189 189 189
189 189 189
189 189 189
189 189 189
189 189 189
189 189 189
189 189 189
189 189 189
189 189 189
189 189 189
189 189 189
189 189 189
189 189 189
189 189 189
189 189 189
189 189 189
186 180 180
179 156 155
172 135 132
170 130 127
171 133 131
176 148 148
181 164 164
189 186 186
189 189 189
189 189 189
189 189 189
189 189 189
189 189 189
189 189 189
189 189 189
189 189 189
189 189 189
189 189 189
189 189 189
189 189 189
189 189 189
189 189 189
189 189 189
189 189 189
189 189 189
189 189 189
189 189 189
189 189 189
189 189 189
189 189 189
189 189 189
189 189 189
189 189 189
189 189 189
189 189 189
189 189 189
189 189 189
189 189 189
189 189 189
189 189 189
189 189 189
189 189 189
189 189 189
189 189 189
189 189 189
189 189 189
189 189 189
189 189 189
189 189 189
189 189 189
189 189 189
189 189 189
189 189 189
189 189 189
189 189 189
189 189 189
189 189 189
189 189 189
189 189 189
189 189 189
189 189 189
189 189 189
189 189 189
189 189 189
189 189 189
189 189 189
189 189 189
189 189 189
189 189 189
189 189 189
189 189 189
189 189 189
189 189 189
189 189 189
189 189 189
189 189 189
189 189 189
189 189 189
189 189 189
189 189 189
189 189 189
189 189 189
189 189 189
189 189 189
189 189 189
189 189 189
189 189 189
189 189 189
189 189 189
189 189 189
189 189 189
189 189 189
189 189 189
189 189 189
189 189 189
189 189 189
189 189 189
189 189 189
189 189 189
189 189 189
189 189 189
189 189 189
189 189 189
189 189 189
189 189 189
189 189 189
189 189 189
189 189 189
189 189 189
189 189 189
189 189 189
189 189 189
189 189 189
189 189 189
189 189 189
189 189 189
4
32 32
189 189 189
189 189 189
189 189 189
189 189 189
189 189 189
189 189 189
189 189 189
189 189 189
189 189 189
189 189 189
189 189 189
189 189 189
189 189 189
189 189 189
189 189 189
189 189 189
189 189 189
189 189 189
189 189 189
189 189 189
189 189 189
189 189 189
189 189 189
189 189 189
189 189 189
189 189 189
189 189 189
189 189 189
189 189 189
189 189 189
189 189 189
189 189 189
189 189 189
189 189 189
189 189 189
189 189 189
189 189 189
189 189 189
189 189 189
189 189 189
189 189 189
189 189 189
189 189 189
189 189 189
189 189 189
189 189 189
189 189 189
189 189 189
189 189 189
189 189 189
189 189 189
189 189 189
189 189 189
189 189 189
189 189 189
189 189 189
189 189 189
189 189 189
189 189 189
189 189 189
189 189 189
189 189 189
189 189 189
189 189 189
189 189 189
189 189 189
189 189 189
189 189 189
189 189 189
189 189 189
189 189 189
189 189 189
189 189 189
189 189 189
189 189 189
189 189 189
189 189 189
189 189 189
189 189 189
189 189 189
189 189 189
189 189 189
189 189 189
189 189 189
189 189 189
189 189 189
189 189 189
189 189 189
189 189 189
189 189 189
189 189 189
189 189 189
189 189 189
189 189 189
189 189 189
189 189 189
189 189 189
189 189 189
189 189 189
189 189 189
189 189 189
189 189 189
189 189 189
189 189 189
189 189 189
189 189 189
189 189 189
189 189 189
189 189 189
189 189 189
189 189 189
189 189 189
189 189 189
189 189 189
189 189 189
189 189 189
189 189 189
189 189 189
189 189 189
189 189 189
189 189 189
189 189 189
189 189 189
189 189 189
189 189 189
189 189 189
189 189 189
189 189 189
189 189 189
189 189 189
189 189 189
189 189 189
189 189 189
189 189 189
189 189 189
189 189 189
189 189 189
189 189 189
189 189 189
189 189 189
189 189 189
189 189 189
189 189 189
189 189 189
183 183 187
80 80 150
69 69 146
69 69 146
69 69 146
69 69 146
69 69 146
166 166 181
189 189 189
189 189 189
189 189 189
189 189 189
189 189 189
189 189 189
189 189 189
189 189 189
189 189 189
189 189 189
189 189 189
189 189 189
189 189 189
189 189 189
189 189 189
189 189 189
189 189 189
189 189 189
189 189 189
189 189 189
189 189 189
189 189 189
189 189 189
188 188 188
69 69 146
0 1 120
0 1 120
0 1 120
0 1 120
0 1 120
0 1 120
150 150 176
189 189 189
189 189 189
189 189 189
189 189 189
189 189 189
189 189 189
189 189 189
189 189 189
189 189 189
189 189 189
189 189 189
189 189 189
189 189 189
189 189 189
189 189 189
189 189 189
189 189 189
189 189 189
189 189 189
189 189 189
189 189 189
189 189 189
189 189 189
99 99 157
0 1 120
0 1 120
0 1 120
0 1 120
0 1 120
0 1 120
0 1 120
150 150 176
189 189 189
189 189 189
189 189 189
189 189 189
189 189 189
189 189 189
189 189 189
189 189 189
189 189 189
189 189 189
189 189 189
189 189 189
189 189 189
189 189 189
189 189 189
189 189 189
189 189 189
189 189 189
189 189 189
189 189 189
189 189 189
189 189 189
127 127 166
0 1 120
0 1 120
0 1 120
0 1 120
0 1 120
0 1 120
0 1 120
0 1 120
150 150 176
189 189 189
189 189 189
189 189 189
189 189 189
189 189 189
189 189 189
189 189 189
189 189 189
189 189 189
189 189 189
189 189 189
189 189 189
189 189 189
189 189 189
189 189 189
189 189 189
189 189 189
189 189 189
189 189 189
189 189 189
189 189 189
151 151 176
0 1 120
0 1 120
0 1 120
0 1 120
0 1 120
0 1 120
0 1 120
0 1 120
0 1 120
150 150 176
189 189 189
189 189 189
189 189 189
189 189 189
189 189 189
189 189 189
189 189 189
189 189 189
189 189 189
189 189 189
189 189 189
189 189 189
189 189 189
189 189 189
189 189 189
189 189 189
189 189 189
189 189 189
189 189 189
189 189 189
169 169 182
15 17 126
0 1 120
0 1 120
0 1 120
0 1 120
0 1 120
0 1 120
0 1 120
0 1 120
0 1 120
150 150 176
189 189 189
189 189 189
189 189 189
189 189 189
189 189 189
189 189 189
189 189 189
189 189 189
189 189 189
189 189 189
189 189 189
189 189 189
189 189 189
189 189 189
189 189 189
189 189 189
189 189 189
189 189 189
189 189 189
181 181 186
36 37 134
0 1 120
0 1 120
0 1 120
0 1 120
0 1 120
0 1 120
0 1 120
0 1 120
0 1 120
0 1 120
150 150 176
189 189 189
189 189 189
189 189 189
189 189 189
189 189 189
189 189 189
189 189 189
189 189 189
189 189 189
189 189 189
189 189 189
189 189 189
189 189 189
189 189 189
189 189 189
189 189 189
189 189 189
189 189 189
188 188 189
62 62 144
0 1 120
0 1 120
0 1 120
0 1 120
0 1 120
0 1 120
0 1 120
0 1 120
0 1 120
0 1 120
0 1 120
150 150 176
189 189 189
189 189 189
189 189 189
189 189 189
189 189 189
189 189 189
189 189 189
189 189 189
189 189 189
189 189 189
189 189 189
189 189 189
189 189 189
189 189 189
189 189 189
189 189 189
189 189 189
189 189 189
90 90 154
0 1 120
0 1 120
0 1 120
0 1 120
0 1 120
33 34 133
53 53 140
0 1 120
0 1 120
0 1 120
0 1 120
0 1 120
150 150 176
189 189 189
189 189 189
189 189 189
189 189 189
189 189 189
189 189 189
189 189 189
189 189 189
189 189 189
189 189 189
189 189 189
189 189 189
189 189 189
189 189 189
189 189 189
189 189 189
189 189 189
120 120 165
0 1 120
0 1 120
0 1 120
0 1 120
0 1 120
15 17 126
167 167 182
65 65 144
0 1 120
0 1 120
0 1 120
0 1 120
0 1 120
150 150 176
189 189 189
189 189 189
189 189 189
189 189 189
189 189 189
189 189 189
189 189 189
189 189 189
189 189 189
189 189 189
189 189 189
189 189 189
189 189 189
189 189 189
189 189 189
189 189 189
145 145 173
0 1 120
0 1 120
0 1 120
0 1 120
0 1 120
0 1 120
150 150 175
189 189 189
65 65 144
0 1 120
0 1 120
0 1 120
0 1 120
0 1 120
150 150 176
189 189 189
189 189 189
189 189 189
189 189 189
189 189 189
189 189 189
189 189 189
189 189 189
189 189 189
189 189 189
189 189 189
189 189 189
189 189 189
189 189 189
189 189 189
164 164 181
8 11 124
0 1 120
0 1 120
0 1 120
0 1 120
0 1 120
128 128 167
189 189 189
189 189 189
65 65 144
0 1 120
0 1 120
0 1 120
0 1 120
0 1 120
150 150 176
189 189 189
189 189 189
189 189 189
189 189 189
189 189 189
189 189 189
189 189 189
189 189 189
189 189 189
189 189 189
189 189 189
189 189 189
189 189 189
189 189 189
178 178 185
27 28 130
0 1 120
0 1 120
0 1 120
0 1 120
0 1 120
101 101 158
189 189 189
189 189 189
189 189 189
65 65 144
0 1 120
0 1 120
0 1 120
0 1 120
0 1 120
150 150 176
189 189 189
189 189 189
189 189 189
189 189 189
189 189 189
189 189 189
189 189 189
189 189 189
189 189 189
189 189 189
189 189 189
189 189 189
189 189 189
186 186 188
54 54 140
0 1 120
0 1 120
0 1 120
0 1 120
0 1 120
73 73 147
189 189 189
189 189 189
189 189 189
189 189 189
65 65 144
0 1 120
0 1 120
0 1 120
0 1 120
0 1 120
150 150 176
189 189 189
189 189 189
189 189 189
189 189 189
189 189 189
189 189 189
189 189 189
189 189 189
189 189 189
189 189 189
189 189 189
189 189 189
189 189 189
142 142 172
0 1 120
0 1 120
0 1 120
0 1 120
0 1 120
0 1 120
79 79 150
84 84 152
84 84 152
84 84 152
84 84 152
20 22 129
0 1 120
0 1 120
0 1 120
0 1 120
0 1 120
63 63 144
84 84 152
84 84 151
182 182 187
189 189 189
189 189 189
189 189 189
189 189 189
189 189 189
189 189 189
189 189 189
189 189 189
189 189 189
189 189 189
142 142 173
0 1 120
0 1 120
0 1 120
0 1 120
0 1 120
0 1 120
0 1 120
0 1 120
0 1 120
0 1 120
0 1 120
0 1 120
0 1 120
0 1 120
0 1 120
0 1 120
0 1 120
0 1 120
0 1 120
0 1 120
171 171 182
189 189 189
189 189 189
189 189 189
189 189 189
189 189 189
189 189 189
189 189 189
189 189 189
189 189 189
189 189 189
142 142 173
0 1 120
0 1 120
0 1 120
0 1 120
0 1 120
0 1 120
0 1 120
0 1 120
0 1 120
0 1 120
0 1 120
0 1 120
0 1 120
0 1 120
0 1 120
0 1 120
0 1 120
0 1 120
0 1 120
0 1 120
171 171 182
189 189 189
189 189 189
189 189 189
189 189 189
189 189 189
189 189 189
189 189 189
189 189 189
189 189 189
189 189 189
142 142 173
0 1 120
0 1 120
0 1 120
0 1 120
0 1 120
0 1 120
0 1 120
0 1 120
0 1 120
0 1 120
0 1 120
0 1 120
0 1 120
0 1 120
0 1 120
0 1 120
0 1 120
0 1 120
0 1 120
0 1 120
171 171 182
189 189 189
189 189 189
189 189 189
189 189 189
189 189 189
189 189 189
189 189 189
189 189 189
189 189 189
189 189 189
142 142 173
0 1 120
0 1 120
0 1 120
0 1 120
0 1 120
0 1 120
0 1 120
0 1 120
0 1 120
0 1 120
0 1 120
0 1 120
0 1 120
0 1 120
0 1 120
0 1 120
0 1 120
0 1 120
0 1 120
0 1 120
171 171 182
189 189 189
189 189 189
189 189 189
189 189 189
189 189 189
189 189 189
189 189 189
189 189 189
189 189 189
189 189 189
158 158 178
59 59 142
59 59 142
59 59 142
59 59 142
59 59 142
59 59 142
59 59 142
59 59 142
59 59 142
59 59 142
59 59 142
8 11 124
0 1 120
0 1 120
0 1 120
0 1 120
0 1 120
41 42 136
59 59 142
59 59 142
179 179 185
189 189 189
189 189 189
189 189 189
189 189 189
189 189 189
189 189 189
189 189 189
189 189 189
189 189 189
189 189 189
189 189 189
189 189 189
189 189 189
189 189 189
189 189 189
189 189 189
189 189 189
189 189 189
189 189 189
189 189 189
189 189 189
189 189 189
65 65 144
0 1 120
0 1 120
0 1 120
0 1 120
0 1 120
150 150 176
189 189 189
189 189 189
189 189 189
189 189 189
189 189 189
189 189 189
189 189 189
189 189 189
189 189 189
189 189 189
189 189 189
189 189 189
189 189 189
189 189 189
189 189 189
189 189 189
189 189 189
189 189 189
189 189 189
189 189 189
189 189 189
189 189 189
189 189 189
189 189 189
189 189 189
65 65 144
0 1 120
0 1 120
0 1 120
0 1 120
0 1 120
150 150 176
189 189 189
189 189 189
189 189 189
189 189 189
189 189 189
189 189 189
189 189 189
189 189 189
189 189 189
189 189 189
189 189 189
189 189 189
189 189 189
189 189 189
189 189 189
189 189 189
189 189 189
189 189 189
189 189 189
189 189 189
189 189 189
189 189 189
189 189 189
189 189 189
189 189 189
65 65 144
0 1 120
0 1 120
0 1 120
0 1 120
0 1 120
150 150 176
189 189 189
189 189 189
189 189 189
189 189 189
189 189 189
189 189 189
189 189 189
189 189 189
189 189 189
189 189 189
189 189 189
189 189 189
189 189 189
189 189 189
189 189 189
189 189 189
189 189 189
189 189 189
189 189 189
189 189 189
189 189 189
189 189 189
189 189 189
189 189 189
189 189 189
69 69 146
0 1 120
0 1 120
0 1 120
0 1 120
0 1 120
153 153 177
189 189 189
189 189 189
189 189 189
189 189 189
189 189 189
189 189 189
189 189 189
189 189 189
189 189 189
189 189 189
189 189 189
189 189 189
189 189 189
189 189 189
189 189 189
189 189 189
189 189 189
189 189 189
189 189 189
189 189 189
189 189 189
189 189 189
189 189 189
189 189 189
189 189 189
189 189 189
189 189 189
189 189 189
189 189 189
189 189 189
189 189 189
189 189 189
189 189 189
189 189 189
189 189 189
189 189 189
189 189 189
189 189 189
189 189 189
189 189 189
189 189 189
189 189 189
189 189 189
189 189 189
189 189 189
189 189 189
189 189 189
189 189 189
189 189 189
189 189 189
189 189 189
189 189 189
189 189 189
189 189 189
189 189 189
189 189 189
189 189 189
189 189 189
189 189 189
189 189 189
189 189 189
189 189 189
189 189 189
189 189 189
189 189 189
189 189 189
189 189 189
189 189 189
189 189 189
189 189 189
189 189 189
189 189 189
189 189 189
189 189 189
189 189 189
189 189 189
189 189 189
189 189 189
189 189 189
189 189 189
189 189 189
189 189 189
189 189 189
189 189 189
189 189 189
189 189 189
189 189 189
189 189 189
189 189 189
189 189 189
189 189 189
189 189 189
189 189 189
189 189 189
189 189 189
189 189 189
189 189 189
189 189 189
189 189 189
189 189 189
189 189 189
189 189 189
189 189 189
189 189 189
189 189 189
189 189 189
189 189 189
189 189 189
189 189 189
189 189 189
189 189 189
189 189 189
189 189 189
189 189 189
189 189 189
189 189 189
189 189 189
189 189 189
189 189 189
189 189 189
189 189 189
189 189 189
189 189 189
189 189 189
189 189 189
189 189 189
189 189 189
189 189 189
189 189 189
189 189 189
189 189 189
189 189 189
189 189 189
189 189 189
189 189 189
189 189 189
1
32 32
189 189 189
189 189 189
189 189 189
189 189 189
189 189 189
189 189 189
189 189 189
189 189 189
189 189 189
189 189 189
189 189 189
189 189 189
189 189 189
189 189 189
189 189 189
189 189 189
189 189 189
189 189 189
189 189 189
189 189 189
189 189 189
189 189 189
189 189 189
189 189 189
189 189 189
189 189 189
189 189 189
189 189 189
189 189 189
189 189 189
189 189 189
189 189 189
189 189 189
189 189 189
189 189 189
189 189 189
189 189 189
189 189 189
189 189 189
189 189 189
189 189 189
189 189 189
189 189 189
189 189 189
189 189 189
189 189 189
189 189 189
189 189 189
189 189 189
189 189 189
189 189 189
189 189 189
189 189 189
189 189 189
189 189 189
189 189 189
189 189 189
189 189 189
189 189 189
189 189 189
189 189 189
189 189 189
189 189 189
189 189 189
189 189 189
189 189 189
189 189 189
189 189 189
189 189 189
189 189 189
189 189 189
189 189 189
189 189 189
189 189 189
189 189 189
189 189 189
189 189 189
189 189 189
189 189 189
189 189 189
189 189 189
189 189 189
189 189 189
189 189 189
189 189 189
189 189 189
189 189 189
189 189 189
189 189 189
189 189 189
189 189 189
189 189 189
189 189 189
189 189 189
189 189 189
189 189 189
189 189 189
189 189 189
189 189 189
189 189 189
189 189 189
189 189 189
189 189 189
189 189 189
189 189 189
189 189 189
189 189 189
189 189 189
189 189 189
189 189 189
189 189 189
189 189 189
189 189 189
189 189 189
189 189 189
189 189 189
189 189 189
189 189 189
189 189 189
189 189 189
189 189 189
189 189 189
189 189 189
189 189 189
189 189 189
189 189 189
189 189 189
189 189 189
189 189 189
189 189 189
189 189 189
189 189 189
189 189 189
189 189 189
189 189 189
189 189 189
189 189 189
189 189 189
189 189 189
189 189 189
189 189 189
189 189 189
189 189 189
103 104 217
68 70 229
68 70 229
68 70 229
68 70 229
68 70 229
173 173 194
189 189 189
189 189 189
189 189 189
189 189 189
189 189 189
189 189 189
189 189 189
189 189 189
189 189 189
189 189 189
189 189 189
189 189 189
189 189 189
189 189 189
189 189 189
189 189 189
189 189 189
189 189 189
189 189 189
189 189 189
189 189 189
189 189 189
189 189 189
189 189 189
125 125 212
0 5 250
0 5 250
0 5 250
0 5 250
0 5 250
0 5 250
160 160 198
189 189 189
189 189 189
189 189 189
189 189 189
189 189 189
189 189 189
189 189 189
189 189 189
189 189 189
189 189 189
189 189 189
189 189 189
189 189 189
189 189 189
189 189 189
189 189 189
189 189 189
189 189 189
189 189 189
189 189 189
189 189 189
189 189 189
189 189 189
158 158 200
0 5 250
0 5 250
0 5 250
0 5 250
0 5 250
0 5 250
0 5 250
160 160 198
189 189 189
189 189 189
189 189 189
189 189 189
189 189 189
189 189 189
189 189 189
189 189 189
189 189 189
189 189 189
189 189 189
189 189 189
189 189 189
189 189 189
189 189 189
189 189 189
189 189 189
189 189 189
189 189 189
189 189 189
189 189 189
189 189 189
179 179 193
24 30 241
0 5 250
0 5 250
0 5 250
0 5 250
0 5 250
0 5 250
0 5 250
160 160 198
189 189 189
189 189 189
189 189 189
189 189 189
189 189 189
189 189 189
189 189 189
189 189 189
189 189 189
189 189 189
189 189 189
189 189 189
189 189 189
189 189 189
189 189 189
189 189 189
189 189 189
189 189 189
189 189 189
189 189 189
189 189 189
142 142 205
24 30 241
0 5 250
0 5 250
0 5 250
0 5 250
0 5 250
0 5 250
0 5 250
0 5 250
160 160 198
189 189 189
189 189 189
189 189 189
189 189 189
189 189 189
189 189 189
189 189 189
189 189 189
189 189 189
189 189 189
189 189 189
189 189 189
189 189 189
189 189 189
189 189 189
189 189 189
189 189 189
189 189 189
188 188 189
146 146 204
66 68 230
0 5 250
0 5 250
0 5 250
0 5 250
0 5 250
0 5 250
0 5 250
0 5 250
0 5 250
0 5 250
160 160 198
189 189 189
189 189 189
189 189 189
189 189 189
189 189 189
189 189 189
189 189 189
189 189 189
189 189 189
189 189 189
189 189 189
189 189 189
189 189 189
189 189 189
189 189 189
189 189 189
189 189 189
156 156 200
24 30 241
0 5 250
0 5 250
0 5 250
0 5 250
0 5 250
0 5 250
0 5 250
0 5 250
0 5 250
0 5 250
0 5 250
0 5 250
160 160 198
189 189 189
189 189 189
189 189 189
189 189 189
189 189 189
189 189 189
189 189 189
189 189 189
189 189 189
189 189 189
189 189 189
189 189 189
189 189 189
189 189 189
189 189 189
189 189 189
189 189 189
133 133 208
0 5 250
0 5 250
0 5 250
0 5 250
0 5 250
0 5 250
0 5 250
0 5 250
0 5 250
0 5 250
0 5 250
0 5 250
0 5 250
160 160 198
189 189 189
189 189 189
189 189 189
189 189 189
189 189 189
189 189 189
189 189 189
189 189 189
189 189 189
189 189 189
189 189 189
189 189 189
189 189 189
189 189 189
189 189 189
189 189 189
189 189 189
133 133 208
0 5 250
0 5 250
0 5 250
0 5 250
0 5 250
0 5 250
0 5 250
0 5 250
0 5 250
0 5 250
0 5 250
0 5 250
0 5 250
160 160 198
189 189 189
189 189 189
189 189 189
189 189 189
189 189 189
189 189 189
189 189 189
189 189 189
189 189 189
189 189 189
189 189 189
189 189 189
189 189 189
189 189 189
189 189 189
189 189 189
189 189 189
133 133 208
0 5 250
0 5 250
0 5 250
0 5 250
0 5 250
97 98 220
68 70 229
0 5 250
0 5 250
0 5 250
0 5 250
0 5 250
0 5 250
160 160 198
189 189 189
189 189 189
189 189 189
189 189 189
189 189 189
189 189 189
189 189 189
189 189 189
189 189 189
189 189 189
189 189 189
189 189 189
189 189 189
189 189 189
189 189 189
189 189 189
189 189 189
133 133 208
0 5 250
0 5 250
0 5 250
52 55 233
160 160 198
189 189 189
74 76 227
0 5 250
0 5 250
0 5 250
0 5 250
0 5 250
0 5 250
160 160 198
189 189 189
189 189 189
189 189 189
189 189 189
189 189 189
189 189 189
189 189 189
189 189 189
189 189 189
189 189 189
189 189 189
189 189 189
189 189 189
189 189 189
189 189 189
189 189 189
189 189 189
136 136 207
16 23 244
97 98 220
165 165 198
189 189 189
189 189 189
189 189 189
74 76 227
0 5 250
0 5 250
0 5 250
0 5 250
0 5 250
0 5 250
160 160 198
189 189 189
189 189 189
189 189 189
189 189 189
189 189 189
189 189 189
189 189 189
189 189 189
189 189 189
189 189 189
189 189 189
189 189 189
189 189 189
189 189 189
189 189 189
189 189 189
189 189 189
189 189 189
188 188 189
189 189 189
189 189 189
189 189 189
189 189 189
189 189 189
74 76 227
0 5 250
0 5 250
0 5 250
0 5 250
0 5 250
0 5 250
160 160 198
189 189 189
189 189 189
189 189 189
189 189 189
189 189 189
189 189 189
189 189 189
189 189 189
189 189 189
189 189 189
189 189 189
189 189 189
189 189 189
189 189 189
189 189 189
189 189 189
189 189 189
189 189 189
189 189 189
189 189 189
189 189 189
189 189 189
189 189 189
189 189 189
74 76 227
0 5 250
0 5 250
0 5 250
0 5 250
0 5 250
0 5 250
160 160 198
189 189 189
189 189 189
189 189 189
189 189 189
189 189 189
189 189 189
189 189 189
189 189 189
189 189 189
189 189 189
189 189 189
189 189 189
189 189 189
189 189 189
189 189 189
189 189 189
189 189 189
189 189 189
189 189 189
189 189 189
189 189 189
189 189 189
189 189 189
189 189 189
74 76 227
0 5 250
0 5 250
0 5 250
0 5 250
0 5 250
0 5 250
160 160 198
189 189 189
189 189 189
189 189 189
189 189 189
189 189 189
189 189 189
189 189 189
189 189 189
189 189 189
189 189 189
189 189 189
189 189 189
189 189 189
189 189 189
189 189 189
189 189 189
189 189 189
189 189 189
189 189 189
189 189 189
189 189 189
189 189 189
189 189 189
189 189 189
74 76 227
0 5 250
0 5 250
0 5 250
0 5 250
0 5 250
0 5 250
160 160 198
189 189 189
189 189 189
189 189 189
189 189 189
189 189 189
189 189 189
189 189 189
189 189 189
189 189 189
189 189 189
189 189 189
189 189 189
189 189 189
189 189 189
189 189 189
189 189 189
189 189 189
189 189 189
189 189 189
189 189 189
189 189 189
189 189 189
189 189 189
189 189 189
74 76 227
0 5 250
0 5 250
0 5 250
0 5 250
0 5 250
0 5 250
160 160 198
189 189 189
189 189 189
189 189 189
189 189 189
189 189 189
189 189 189
189 189 189
189 189 189
189 189 189
189 189 189
189 189 189
189 189 189
189 189 189
189 189 189
189 189 189
189 189 189
189 189 189
189 189 189
189 189 189
189 189 189
189 189 189
189 189 189
189 189 189
189 189 189
74 76 227
0 5 250
0 5 250
0 5 250
0 5 250
0 5 250
0 5 250
160 160 198
189 189 189
189 189 189
189 189 189
189 189 189
189 189 189
189 189 189
189 189 189
189 189 189
189 189 189
189 189 189
189 189 189
189 189 189
189 189 189
189 189 189
189 189 189
189 189 189
189 189 189
189 189 189
189 189 189
189 189 189
189 189 189
189 189 189
189 189 189
189 189 189
74 76 227
0 5 250
0 5 250
0 5 250
0 5 250
0 5 250
0 5 250
160 160 198
189 189 189
189 189 189
189 189 189
189 189 189
189 189 189
189 189 189
189 189 189
189 189 189
189 189 189
189 189 189
189 189 189
189 189 189
189 189 189
189 189 189
189 189 189
189 189 189
189 189 189
189 189 189
189 189 189
189 189 189
189 189 189
189 189 189
189 189 189
189 189 189
74 76 227
0 5 250
0 5 250
0 5 250
0 5 250
0 5 250
0 5 250
160 160 198
189 189 189
189 189 189
189 189 189
189 189 189
189 189 189
189 189 189
189 189 189
189 189 189
189 189 189
189 189 189
189 189 189
189 189 189
189 189 189
189 189 189
189 189 189
189 189 189
189 189 189
189 189 189
189 189 189
189 189 189
189 189 189
189 189 189
189 189 189
189 189 189
74 76 227
0 5 250
0 5 250
0 5 250
0 5 250
0 5 250
0 5 250
160 160 198
189 189 189
189 189 189
189 189 189
189 189 189
189 189 189
189 189 189
189 189 189
189 189 189
189 189 189
189 189 189
189 189 189
189 189 189
189 189 189
189 189 189
189 189 189
189 189 189
189 189 189
189 189 189
189 189 189
189 189 189
189 189 189
189 189 189
189 189 189
189 189 189
74 76 227
0 5 250
0 5 250
0 5 250
0 5 250
0 5 250
0 5 250
160 160 198
189 189 189
189 189 189
189 189 189
189 189 189
189 189 189
189 189 189
189 189 189
189 189 189
189 189 189
189 189 189
189 189 189
189 189 189
189 189 189
189 189 189
189 189 189
189 189 189
189 189 189
189 189 189
189 189 189
189 189 189
189 189 189
189 189 189
189 189 189
189 189 189
74 76 227
0 5 250
0 5 250
0 5 250
0 5 250
0 5 250
0 5 250
160 160 198
189 189 189
189 189 189
189 189 189
189 189 189
189 189 189
189 189 189
189 189 189
189 189 189
189 189 189
189 189 189
189 189 189
189 189 189
189 189 189
189 189 189
189 189 189
189 189 189
189 189 189
189 189 189
189 189 189
189 189 189
189 189 189
189 189 189
189 189 189
189 189 189
77 79 226
0 5 250
0 5 250
0 5 250
0 5 250
0 5 250
0 5 250
163 163 198
189 189 189
189 189 189
189 189 189
189 189 189
189 189 189
189 189 189
189 189 189
189 189 189
189 189 189
189 189 189
189 189 189
189 189 189
189 189 189
189 189 189
189 189 189
189 189 189
189 189 189
189 189 189
189 189 189
189 189 189
189 189 189
189 189 189
189 189 189
189 189 189
189 189 189
189 189 189
189 189 189
189 189 189
189 189 189
189 189 189
189 189 189
189 189 189
189 189 189
189 189 189
189 189 189
189 189 189
189 189 189
189 189 189
189 189 189
189 189 189
189 189 189
189 189 189
189 189 189
189 189 189
189 189 189
189 189 189
189 189 189
189 189 189
189 189 189
189 189 189
189 189 189
189 189 189
189 189 189
189 189 189
189 189 189
189 189 189
189 189 189
189 189 189
189 189 189
189 189 189
189 189 189
189 189 189
189 189 189
189 189 189
189 189 189
189 189 189
189 189 189
189 189 189
189 189 189
189 189 189
189 189 189
189 189 189
189 189 189
189 189 189
189 189 189
189 189 189
189 189 189
189 189 189
189 189 189
189 189 189
189 189 189
189 189 189
189 189 189
189 189 189
189 189 189
189 189 189
189 189 189
189 189 189
189 189 189
189 189 189
189 189 189
189 189 189
189 189 189
189 189 189
189 189 189
189 189 189
189 189 189
189 189 189
189 189 189
189 189 189
189 189 189
189 189 189
189 189 189
189 189 189
189 189 189
189 189 189
189 189 189
189 189 189
189 189 189
189 189 189
189 189 189
189 189 189
189 189 189
189 189 189
189 189 189
189 189 189
189 189 189
189 189 189
189 189 189
189 189 189
189 189 189
189 189 189
189 189 189
189 189 189
189 189 189
189 189 189
189 189 189
189 189 189
189 189 189
189 189 189
189 189 189
189 189 189
189 189 189
189 189 189
189 189 189
189 189 189
189 189 189
189 189 189
6
32 32
189 189 189
189 189 189
189 189 189
189 189 189
189 189 189
189 189 189
189 189 189
189 189 189
189 189 189
189 189 189
189 189 189
189 189 189
189 189 189
189 189 189
189 189 189
189 189 189
189 189 189
189 189 189
189 189 189
189 189 189
189 189 189
189 189 189
189 189 189
189 189 189
189 189 189
189 189 189
189 189 189
189 189 189
189 189 189
189 189 189
189 189 189
189 189 189
189 189 189
189 189 189
189 189 189
189 189 189
189 189 189
189 189 189
189 189 189
189 189 189
189 189 189
189 189 189
189 189 189
189 189 189
189 189 189
189 189 189
189 189 189
189 189 189
189 189 189
189 189 189
189 189 189
189 189 189
189 189 189
189 189 189
189 189 189
189 189 189
189 189 189
189 189 189
189 189 189
189 189 189
189 189 189
189 189 189
189 189 189
189 189 189
189 189 189
189 189 189
189 189 189
189 189 189
189 189 189
189 189 189
189 189 189
189 189 189
189 189 189
189 189 189
189 189 189
189 189 189
189 189 189
189 189 189
189 189 189
189 189 189
189 189 189
189 189 189
189 189 189
189 189 189
189 189 189
189 189 189
189 189 189
189 189 189
189 189 189
189 189 189
189 189 189
189 189 189
189 189 189
189 189 189
189 189 189
189 189 189
189 189 189
189 189 189
189 189 189
189 189 189
189 189 189
189 189 189
189 189 189
189 189 189
189 189 189
189 189 189
189 189 189
189 189 189
189 189 189
189 189 189
189 189 189
189 189 189
189 189 189
189 189 189
189 189 189
189 189 189
189 189 189
189 189 189
189 189 189
189 189 189
189 189 189
189 189 189
189 189 189
189 189 189
189 189 189
189 189 189
189 189 189
189 189 189
189 189 189
189 189 189
189 189 189
189 189 189
189 189 189
189 189 189
189 189 189
189 189 189
189 189 189
189 189 189
189 189 189
189 189 189
186 187 187
162 175 175
135 162 161
108 147 146
85 136 135
93 140 139
103 145 144
132 160 159
169 178 178
189 189 189
189 189 189
189 189 189
189 189 189
189 189 189
189 189 189
189 189 189
189 189 189
189 189 189
189 189 189
189 189 189
189 189 189
189 189 189
189 189 189
189 189 189
189 189 189
189 189 189
189 189 189
189 189 189
189 189 189
189 189 189
187 188 188
111 149 148
0 105 104
0 105 104
0 105 104
0 105 104
0 105 104
0 105 104
0 105 104
0 105 104
0 105 104
87 137 136
180 184 184
189 189 189
189 189 189
189 189 189
189 189 189
189 189 189
189 189 189
189 189 189
189 189 189
189 189 189
189 189 189
189 189 189
189 189 189
189 189 189
189 189 189
189 189 189
189 189 189
189 189 189
189 189 189
165 177 177
59 124 123
0 105 104
0 105 104
0 105 104
0 105 104
0 105 104
0 105 104
0 105 104
0 105 104
0 105 104
0 105 104
0 105 104
36 115 115
156 171 171
189 189 189
189 189 189
189 189 189
189 189 189
189 189 189
189 189 189
189 189 189
189 189 189
189 189 189
189 189 189
189 189 189
189 189 189
189 189 189
189 189 189
189 189 189
189 189 189
160 174 174
0 105 104
0 105 104
0 105 104
0 105 104
0 105 104
0 105 104
0 105 104
0 105 104
0 105 104
0 105 104
0 105 104
0 105 104
0 105 104
0 105 104
30 115 114
183 186 186
189 189 189
189 189 189
189 189 189
189 189 189
189 189 189
189 189 189
189 189 189
189 189 189
189 189 189
189 189 189
189 189 189
189 189 189
189 189 189
189 189 189
184 187 187
48 119 118
0 105 104
0 105 104
0 105 104
0 105 104
0 105 104
0 105 104
23 112 111
59 124 123
0 105 104
0 105 104
0 105 104
0 105 104
0 105 104
0 105 104
0 105 104
120 154 153
189 189 189
189 189 189
189 189 189
189 189 189
189 189 189
189 189 189
189 189 189
189 189 189
189 189 189
189 189 189
189 189 189
189 189 189
189 189 189
189 189 189
133 161 160
0 105 104
0 105 104
0 105 104
0 105 104
0 105 104
0 105 104
72 130 129
187 188 188
189 189 189
153 170 170
0 105 104
0 105 104
0 105 104
0 105 104
0 105 104
0 105 104
23 112 111
183 186 186
189 189 189
189 189 189
189 189 189
189 189 189
189 189 189
189 189 189
189 189 189
189 189 189
189 189 189
189 189 189
189 189 189
189 189 189
189 189 189
62 125 124
0 105 104
0 105 104
0 105 104
0 105 104
0 105 104
0 105 104
178 183 183
189 189 189
189 189 189
189 189 189
64 126 125
11 110 109
50 121 120
77 132 131
100 144 143
120 154 153
140 164 163
187 188 188
189 189 189
189 189 189
189 189 189
189 189 189
189 189 189
189 189 189
189 189 189
189 189 189
189 189 189
189 189 189
189 189 189
189 189 189
181 185 185
0 105 104
0 105 104
0 105 104
0 105 104
0 105 104
0 105 104
68 128 127
189 189 189
189 189 189
189 189 189
189 189 189
188 188 188
189 189 189
189 189 189
189 189 189
189 189 189
189 189 189
189 189 189
189 189 189
189 189 189
189 189 189
189 189 189
189 189 189
189 189 189
189 189 189
189 189 189
189 189 189
189 189 189
189 189 189
189 189 189
189 189 189
152 169 169
0 105 104
0 105 104
0 105 104
0 105 104
0 105 104
0 105 104
106 147 146
189 189 189
169 178 178
135 162 161
103 145 144
93 140 139
124 156 155
153 170 170
184 187 187
189 189 189
189 189 189
189 189 189
189 189 189
189 189 189
189 189 189
189 189 189
189 189 189
189 189 189
189 189 189
189 189 189
189 189 189
189 189 189
189 189 189
189 189 189
189 189 189
126 157 156
0 105 104
0 105 104
0 105 104
0 105 104
0 105 104
0 105 104
120 154 153
98 143 142
0 105 104
0 105 104
0 105 104
0 105 104
0 105 104
0 105 104
44 118 118
160 174 174
189 189 189
189 189 189
189 189 189
189 189 189
189 189 189
189 189 189
189 189 189
189 189 189
189 189 189
189 189 189
189 189 189
189 189 189
189 189 189
189 189 189
189 189 189
114 151 150
0 105 104
0 105 104
0 105 104
0 105 104
0 105 104
0 105 104
0 105 104
0 105 104
0 105 104
0 105 104
0 105 104
0 105 104
0 105 104
0 105 104
0 105 104
0 105 104
126 157 156
189 189 189
189 189 189
189 189 189
189 189 189
189 189 189
189 189 189
189 189 189
189 189 189
189 189 189
189 189 189
189 189 189
189 189 189
189 189 189
189 189 189
105 146 145
0 105 104
0 105 104
0 105 104
0 105 104
0 105 104
0 105 104
0 105 104
0 105 104
0 105 104
0 105 104
0 105 104
0 105 104
0 105 104
0 105 104
0 105 104
0 105 104
0 105 104
163 175 175
189 189 189
189 189 189
189 189 189
189 189 189
189 189 189
189 189 189
189 189 189
189 189 189
189 189 189
189 189 189
189 189 189
189 189 189
189 189 189
98 143 142
0 105 104
0 105 104
0 105 104
0 105 104
0 105 104
0 105 104
0 105 104
0 105 104
30 115 114
66 127 126
11 110 109
0 105 104
0 105 104
0 105 104
0 105 104
0 105 104
0 105 104
59 124 123
188 189 189
189 189 189
189 189 189
189 189 189
189 189 189
189 189 189
189 189 189
189 189 189
189 189 189
189 189 189
189 189 189
189 189 189
189 189 189
109 147 146
0 105 104
0 105 104
0 105 104
0 105 104
0 105 104
0 105 104
0 105 104
101 143 142
187 188 188
189 189 189
176 182 182
59 124 123
0 105 104
0 105 104
0 105 104
0 105 104
0 105 104
0 105 104
159 173 173
189 189 189
189 189 189
189 189 189
189 189 189
189 189 189
189 189 189
189 189 189
189 189 189
189 189 189
189 189 189
189 189 189
189 189 189
123 155 154
0 105 104
0 105 104
0 105 104
0 105 104
0 105 104
0 105 104
39 117 117
187 188 188
189 189 189
189 189 189
189 189 189
161 174 174
0 105 104
0 105 104
0 105 104
0 105 104
0 105 104
0 105 104
133 161 160
189 189 189
189 189 189
189 189 189
189 189 189
189 189 189
189 189 189
189 189 189
189 189 189
189 189 189
189 189 189
189 189 189
189 189 189
135 162 161
0 105 104
0 105 104
0 105 104
0 105 104
0 105 104
0 105 104
98 143 142
189 189 189
189 189 189
189 189 189
189 189 189
189 189 189
30 115 114
0 105 104
0 105 104
0 105 104
0 105 104
0 105 104
105 146 145
189 189 189
189 189 189
189 189 189
189 189 189
189 189 189
189 189 189
189 189 189
189 189 189
189 189 189
189 189 189
189 189 189
189 189 189
152 169 169
0 105 104
0 105 104
0 105 104
0 105 104
0 105 104
0 105 104
103 145 144
189 189 189
189 189 189
189 189 189
189 189 189
189 189 189
53 122 121
0 105 104
0 105 104
0 105 104
0 105 104
0 105 104
89 139 138
189 189 189
189 189 189
189 189 189
189 189 189
189 189 189
189 189 189
189 189 189
189 189 189
189 189 189
189 189 189
189 189 189
189 189 189
186 187 187
11 110 109
0 105 104
0 105 104
0 105 104
0 105 104
0 105 104
84 135 134
189 189 189
189 189 189
189 189 189
189 189 189
189 189 189
23 112 111
0 105 104
0 105 104
0 105 104
0 105 104
0 105 104
109 147 146
189 189 189
189 189 189
189 189 189
189 189 189
189 189 189
189 189 189
189 189 189
189 189 189
189 189 189
189 189 189
189 189 189
189 189 189
189 189 189
85 136 135
0 105 104
0 105 104
0 105 104
0 105 104
0 105 104
0 105 104
170 179 179
189 189 189
189 189 189
189 189 189
149 168 167
0 105 104
0 105 104
0 105 104
0 105 104
0 105 104
0 105 104
133 161 160
189 189 189
189 189 189
189 189 189
189 189 189
189 189 189
189 189 189
189 189 189
189 189 189
189 189 189
189 189 189
189 189 189
189 189 189
189 189 189
147 167 166
0 105 104
0 105 104
0 105 104
0 105 104
0 105 104
0 105 104
39 117 117
153 170 170
183 186 186
149 168 167
30 115 114
0 105 104
0 105 104
0 105 104
0 105 104
0 105 104
0 105 104
180 185 185
189 189 189
189 189 189
189 189 189
189 189 189
189 189 189
189 189 189
189 189 189
189 189 189
189 189 189
189 189 189
189 189 189
189 189 189
189 189 189
189 189 189
80 135 134
0 105 104
0 105 104
0 105 104
0 105 104
0 105 104
0 105 104
0 105 104
0 105 104
0 105 104
0 105 104
0 105 104
0 105 104
0 105 104
0 105 104
0 105 104
98 142 141
189 189 189
189 189 189
189 189 189
189 189 189
189 189 189
189 189 189
189 189 189
189 189 189
189 189 189
189 189 189
189 189 189
189 189 189
189 189 189
189 189 189
189 189 189
176 181 181
23 112 111
0 105 104
0 105 104
0 105 104
0 105 104
0 105 104
0 105 104
0 105 104
0 105 104
0 105 104
0 105 104
0 105 104
0 105 104
0 105 104
48 119 118
183 186 186
189 189 189
189 189 189
189 189 189
189 189 189
189 189 189
189 189 189
189 189 189
189 189 189
189 189 189
189 189 189
189 189 189
189 189 189
189 189 189
189 189 189
189 189 189
189 189 189
172 180 180
56 123 122
0 105 104
0 105 104
0 105 104
0 105 104
0 105 104
0 105 104
0 105 104
0 105 104
0 105 104
0 105 104
0 105 104
59 124 123
171 180 180
189 189 189
189 189 189
189 189 189
189 189 189
189 189 189
189 189 189
189 189 189
189 189 189
189 189 189
189 189 189
189 189 189
189 189 189
189 189 189
189 189 189
189 189 189
189 189 189
189 189 189
189 189 189
183 186 186
126 157 156
53 122 121
0 105 104
0 105 104
0 105 104
0 105 104
0 105 104
0 105 104
0 105 104
53 122 121
123 155 154
187 188 188
189 189 189
189 189 189
189 189 189
189 189 189
189 189 189
189 189 189
189 189 189
189 189 189
189 189 189
189 189 189
189 189 189
189 189 189
189 189 189
189 189 189
189 189 189
189 189 189
189 189 189
189 189 189
189 189 189
189 189 189
189 189 189
189 189 189
178 183 183
158 172 172
137 163 162
132 160 159
141 165 164
153 170 170
172 181 181
189 189 189
189 189 189
189 189 189
189 189 189
189 189 189
189 189 189
189 189 189
189 189 189
189 189 189
189 189 189
189 189 189
189 189 189
189 189 189
189 189 189
189 189 189
189 189 189
189 189 189
189 189 189
189 189 189
189 189 189
189 189 189
189 189 189
189 189 189
189 189 189
189 189 189
189 189 189
189 189 189
189 189 189
189 189 189
189 189 189
189 189 189
189 189 189
189 189 189
189 189 189
189 189 189
189 189 189
189 189 189
189 189 189
189 189 189
189 189 189
189 189 189
189 189 189
189 189 189
189 189 189
189 189 189
189 189 189
189 189 189
189 189 189
189 189 189
189 189 189
189 189 189
189 189 189
189 189 189
189 189 189
189 189 189
189 189 189
189 189 189
189 189 189
189 189 189
189 189 189
189 189 189
189 189 189
189 189 189
189 189 189
189 189 189
189 189 189
189 189 189
189 189 189
189 189 189
189 189 189
189 189 189
189 189 189
189 189 189
189 189 189
189 189 189
189 189 189
189 189 189
189 189 189
189 189 189
189 189 189
189 189 189
189 189 189
189 189 189
189 189 189
189 189 189
189 189 189
189 189 189
189 189 189
189 189 189
189 189 189
189 189 189
189 189 189
189 189 189
189 189 189
189 189 189
189 189 189
189 189 189
189 189 189
189 189 189
189 189 189
189 189 189
189 189 189
189 189 189
189 189 189
189 189 189
189 189 189
189 189 189
189 189 189
